21,30,38,266663,2.442,0.503
59,79,94,266662,3.425,0.438
6,9,14,266940,1.565,0.526
9,14,20,1139999,1.824,0.435
4,7,11,1139997,1.331,0.513
33,46,57,1139998,2.819,0.316
38,52,66,1265675,2.885,0.326
227,300,344,1263478,5.27,0.136
8,12,19,293911,1.655,0.441
87,117,138,1145213,3.828,0.224
230,304,348,1217803,5.29,0.211
4,7,12,487850,1.403,0.615
12,18,25,487851,2.003,0.52
29,40,51,487849,2.683,0.557
6,10,18,1241954,1.484,0.332
72,97,115,487578,3.629,0.482
5,8,14,1180131,1.463,0.499
9,13,20,445814,1.806,0.459
53,72,86,445813,3.303,0.407
14,21,28,1152538,2.124,0.463
5,7,12,529882,1.401,0.539
28,39,49,444827,2.667,0.464
98,130,152,1152537,4.016,0.453
47,63,77,1153388,3.155,0.376
31,43,53,1156349,2.752,0.394
117,156,181,1264210,4.225,0.329
62,83,99,1156350,3.457,0.442
9,14,21,1156351,1.818,0.331
15,22,31,1271991,2.1,0.326
80,107,128,1218547,3.72,0.272
142,188,218,767289,4.508,0.221
54,73,89,1271990,3.263,0.24
52,69,83,719310,3.275,0.44
74,99,118,1170849,3.651,0.261
14,20,27,460419,2.103,0.509
6,9,16,1272429,1.462,0.356
16,23,31,1170196,2.173,0.42
29,39,49,467177,2.693,0.513
137,182,210,1168656,4.461,0.235
6,9,15,1170796,1.516,0.453
5,8,13,451886,1.426,0.498
133,176,204,474088,4.449,0.367
99,132,153,446726,4.056,0.394
4,7,12,517967,1.296,0.463
62,84,100,447396,3.469,0.407
27,37,48,447395,2.625,0.41
106,141,165,477955,4.11,0.406
153,203,235,1297386,4.622,0.362
9,14,20,450086,1.824,0.505
15,21,31,1265674,2.062,0.27
4,6,11,1170102,1.266,0.428
8,12,18,1170104,1.706,0.482
155,206,238,1263100,4.641,0.278
20,28,36,1170103,2.385,0.474
9,14,20,451984,1.801,0.597
172,228,263,1190555,4.804,0.118
90,120,141,451812,3.882,0.408
37,50,62,451820,2.907,0.524
75,101,118,453642,3.689,0.355
151,200,232,1294968,4.602,0.355
89,119,140,1219748,3.885,0.219
32,44,56,1172723,2.756,0.289
30,41,54,480626,2.656,0.436
15,22,29,372193,2.179,0.474
53,72,89,480148,3.244,0.274
6,10,17,1172719,1.578,0.446
6,9,17,458240,1.454,0.463
82,110,130,1172718,3.766,0.285
12,18,26,452411,1.946,0.367
34,46,56,1172738,2.866,0.457
7,11,17,273797,1.679,0.48
4,7,11,1172737,1.366,0.442
29,40,51,385624,2.718,0.446
78,104,121,1236035,3.771,0.316
11,17,25,1294970,1.884,0.364
12,17,22,1172739,1.996,0.493
34,47,58,272898,2.833,0.44
19,27,35,272961,2.333,0.534
7,10,15,293927,1.631,0.633
141,187,217,1175036,4.497,0.245
49,67,83,1175035,3.164,0.278
25,34,43,297645,2.559,0.493
72,96,112,294718,3.649,0.588
70,94,111,293926,3.607,0.355
12,18,26,1174926,1.932,0.345
56,76,93,1294969,3.306,0.29
240,316,361,1174927,5.365,0.213
11,16,23,1185757,1.949,0.516
82,110,129,1185756,3.802,0.425
4,7,13,1186585,1.343,0.375
100,134,158,515574,4.01,0.309
43,59,71,1185755,3.085,0.376
27,38,49,1219747,2.632,0.297
68,91,107,455479,3.586,0.383
2,4,7,1187623,1.013,0.564
8,12,17,1205447,1.722,0.593
35,48,58,454630,2.885,0.396
10,15,21,456184,1.905,0.584
28,38,49,456816,2.649,0.535
7,11,18,456817,1.677,0.562
69,92,109,470059,3.59,0.406
108,144,170,1192531,4.114,0.213
3,5,9,458063,1.145,0.552
280,368,418,1294900,5.645,0.272
46,63,76,577389,3.155,0.357
6,9,15,372391,1.527,0.491
26,36,45,577387,2.596,0.442
6,10,16,457905,1.6,0.496
11,17,24,1219749,1.953,0.322
27,37,46,460746,2.62,0.557
5,9,14,460745,1.477,0.539
16,23,31,461348,2.195,0.466
185,245,283,464291,4.923,0.228
54,73,88,513323,3.311,0.579
20,27,36,463599,2.361,0.575
115,153,177,464275,4.22,0.357
8,13,19,464215,1.753,0.58
61,82,99,528184,3.394,0.316
14,20,27,1239945,2.078,0.421
96,128,151,551163,3.955,0.164
147,194,225,520330,4.555,0.313
5,8,15,1223989,1.436,0.429
4,7,13,523290,1.236,0.484
12,17,25,522521,1.946,0.456
41,55,69,532038,2.97,0.333
47,64,77,270939,3.176,0.39
5,8,13,378109,1.392,0.509
8,12,19,465221,1.713,0.529
30,42,53,465219,2.726,0.37
76,102,121,465220,3.689,0.312
192,254,291,1242032,4.984,0.35
55,74,88,1239944,3.316,0.469
142,187,216,1225425,4.507,0.277
79,105,125,378111,3.708,0.353
11,16,22,467378,1.922,0.48
54,73,87,472953,3.326,0.427
31,43,54,378110,2.728,0.458
22,31,40,467377,2.473,0.459
7,10,16,474123,1.614,0.351
36,49,60,471970,2.908,0.395
38,51,63,481964,2.928,0.487
14,21,28,475385,2.121,0.543
55,74,89,476823,3.317,0.525
122,162,187,475287,4.292,0.407
6,9,15,484223,1.528,0.516
174,229,263,484669,4.821,0.375
35,47,59,476042,2.845,0.384
8,12,19,476044,1.727,0.575
69,93,110,476043,3.557,0.353
70,95,115,476759,3.556,0.343
34,47,60,476760,2.774,0.41
5,9,16,487344,1.429,0,424
15,22,31,476761,2.12,0.392
22,31,41,492050,2.451,0.423
8,13,20,477469,1.731,0.47
4,7,12,492059,1.355,0.511
12,18,26,500282,1.978,0.417
58,78,95,509055,3.337,0.302
32,44,56,479220,2.739,0.385
4,7,12,479481,1.304,0.529
72,96,113,479482,3.603,0.37
28,38,49,479484,2.622,0.43
111,147,172,479483,4.152,0.317
11,17,24,479485,1.922,0.527
111,148,175,480594,4.154,0.416
8,12,19,484142,1.681,0.454
4,6,12,484691,1.219,0.528
21,29,39,484219,2.408,0.372
69,92,108,494094,3.598,0.249
28,39,49,501511,2.677,0.276
10,15,21,501512,1.903,0.441
16,22,30,488036,2.203,0.479
2,4,8,488034,0.922,0.562
8,12,18,489084,1.687,0.571
101,135,158,489080,4.045,0.305
40,55,68,489083,2.989,0.37
42,57,70,321187,3.036,0.376
10,15,21,326027,1.887,0.421
26,36,46,517131,2.609,0.53
9,14,20,512628,1.798,0.466
6,10,17,643897,1.478,0.295
83,111,130,517193,3.807,0.385
127,169,198,490119,4.336,0.237
58,79,95,495898,3.35,0.391
166,219,253,1245569,4.746,0.149
104,138,161,492841,4.076,0.352
38,52,66,515573,2.891,0.349
6,9,15,496243,1.504,0.475
37,51,63,492852,2.906,0.436
15,21,29,492866,2.13,0.518
14,21,30,491536,2.036,0.299
4,7,12,494109,1.379,0.57
8,12,18,493509,1.705,0.558
40,54,67,493506,2.973,0.442
31,42,54,493507,2.73,0.336
66,89,107,493508,3.516,0.447
9,14,24,496136,1.734,0.349
89,119,141,494045,3.858,0.233
40,55,68,504821,2.952,0.336
11,16,23,495181,1.913,0.523
71,94,111,494082,3.625,0.358
15,22,30,373650,2.132,0,471
26,36,47,496139,2.608,0.43
6,9,15,373651,1.543,0.558
51,68,82,679265,3.237,0.429
3,6,11,495601,1.182,0.507
15,22,30,495602,2.166,0.478
173,229,262,494822,4.816,0.316
152,202,232,530544,4.622,0.318
5,9,14,530547,1.462,0.449
48,65,79,530543,3.177,0.415
10,15,22,530557,1.887,0.483
59,79,95,1244809,3.407,0.315
26,36,46,501302,2.588,0.436
10,15,21,501304,1.885,0.538
84,112,132,501303,3.829,0.333
5,8,13,1266535,1.416,0.444
23,32,41,502960,2.488,0.409
8,12,18,502962,1.71,0.502
34,46,57,1250662,2.825,0.301
57,76,90,298851,3.373,0.32
6,10,16,299090,1.571,0.467
52,70,84,377916,3.261,0.416
6,10,16,506022,1.553,0.365
13,19,26,1250663,2.057,0.392
23,32,42,505576,2.469,0.452
19,27,36,780068,2.324,0.382
68,91,109,505719,3.526,0.419
41,56,70,525200,3.004,0.387
12,17,25,523071,1.952,0.404
48,64,78,507625,3.171,0.458
126,167,193,507626,4.357,0.329
10,15,22,507627,1.864,0.578
131,174,200,1245089,4.392,0.213
26,36,46,510618,2.578,0.472
7,11,18,510619,1.654,0.579
5,7,12,527853,1.396,0.439
56,75,91,374464,3.31,0.375
184,242,278,517247,4.91,0.276
57,77,92,1245090,3.341,0.285
38,51,63,512242,2.93,0.467
125,166,191,511075,4.345,0.427
15,22,29,514601,2.174,0.459
63,85,101,737739,3.482,0.481
21,29,39,378374,2.397,0.342
125,166,193,511089,4.322,0.306
44,60,75,511088,3.046,0.376
11,16,24,511087,1.919,0.528
8,12,18,379187,1.697,0.429
28,39,49,580465,2.669,0.413
58,78,94,712347,3.374,0.449
3,5,10,512133,1.11,0.5
12,17,25,1245091,1.966,0.364
8,12,19,579655,1.732,0.422
8,12,19,513343,1.727,0.408
23,32,41,513342,2.489,0.501
18,26,35,516563,2.287,0.42
10,15,22,521203,1.87,0.442
45,61,75,516564,3.097,0.439
238,313,357,1254093,5.348,0.243
101,135,158,1295745,4.03,0.354
56,75,91,1251761,3.296,0.187
11,15,22,524946,1.903,0.482
78,104,122,570760,3.739,0.408
14,20,29,1249737,2.062,0.386
34,46,57,570759,2.845,0.385
16,24,32,523601,2.211,0.403
74,99,117,540749,3.652,0.335
3,6,11,545793,1.145,0.522
172,227,261,1249423,4.801,0.353
8,12,19,523603,1.701,0.348
49,67,81,523602,3.209,0.297
5,8,14,1255678,1.356,0.437
33,45,56,536166,2.801,0.51
9,14,20,524404,1.801,0.489
12,18,26,531475,1.981,0.358
5,9,16,556661,1.409,0.339
40,55,70,531442,2.956,0.257
302,398,451,532796,5.793,0.347
5,8,14,532795,1.375,0.306
12,18,26,532799,2.001,0.371
138,183,211,532798,4.467,0.398
45,61,75,532797,3.086,0.415
9,14,20,536901,1.841,0.436
39,52,64,536900,2.985,0.361
42,57,70,540059,3.03,0.537
11,17,24,540061,1.945,0.551
133,177,205,540060,4.428,0.469
33,46,56,1258774,2.829,0.406
93,124,144,1258115,3.965,0.323
32,44,56,543937,2.784,0.433
7,11,17,543938,1.604,0.563
7,11,18,545012,1.618,0.533
58,78,93,545015,3.383,0.415
3,5,10,545014,1.083,0.577
11,16,24,545013,1.899,0.457
91,121,143,545057,3.887,0.256
5,8,14,546468,1.433,0.419
16,23,32,545058,2.199,0.414
34,47,59,545056,2.833,0.346
11,16,23,1258805,1.923,0.324
1,3,7,303258,0.783,0.494
11,16,24,537916,1.937,0.472
87,116,136,549849,3.845,0.442
105,139,162,554742,4.087,0.475
8,12,18,545804,1.747,0.573
5,8,13,1265134,1.386,0.459
78,104,123,545063,3.703,0.372
41,56,69,547326,3.024,0.429
8,11,18,545395,1.687,0.532
83,111,131,545317,3.78,0.287
31,42,53,545318,2.74,0.511
88,118,138,547808,3.88,0.281
6,10,16,547809,1.573,0.487
40,54,66,545952,2.987,0.327
148,196,225,552906,4.582,0.452
114,151,175,556755,4.209,0.401
44,60,72,552142,3.09,0.455
76,102,120,550732,3.697,0.509
10,15,22,550438,1.883,0.473
3,6,11,270953,1.232,0.479
97,129,151,1260095,3.995,0.298
28,39,51,537915,2.65,0.399
7,11,18,551981,1.589,0.4
20,28,38,547883,2.348,0.386
15,21,29,1265136,2.134,0.381
82,110,130,552157,3.77,0.426
48,65,79,1265135,3.171,0.29
11,16,23,551775,1.912,0.572
31,43,54,553344,2.74,0.518
15,22,32,552747,2.11,0.395
52,71,87,552745,3.221,0.329
5,8,15,589659,1.393,0.428
145,192,223,552746,4.537,0.32
25,35,45,587017,2.571,0.496
11,16,23,587019,1.946,0.434
82,110,130,376721,3.762,0.272
8,12,19,303310,1.726,0.522
46,62,76,319283,3.123,0.329
72,97,114,317614,3.64,0.516
16,23,30,564737,2.225,0.511
126,167,192,557406,4.37,0.443
5,8,13,559863,1.49,0.553
63,85,101,560602,3.493,0.276
6,10,15,387459,1.563,0.569
10,14,20,558383,1.843,0.413
24,33,43,558382,2.537,0.435
5,9,14,558381,1.487,0.433
15,21,29,1284175,2.139,0.392
51,69,82,376806,3.261,0.491
45,61,74,559712,3.105,0.428
147,194,224,568156,4.559,0.414
10,15,22,559714,1.887,0.508
113,150,174,559713,4.186,0.391
34,47,58,1282467,2.85,0.379
4,7,12,561045,1.294,0.45
5,8,13,1284174,1.417,0.404
16,24,32,561043,2.219,0.442
47,64,78,561044,3.159,0.383
30,42,53,561405,2.737,0.44
27,37,47,709437,2.615,0.352
59,79,94,1283481,3.404,0.438
8,12,18,709436,1.716,0.401
94,125,146,561923,3.966,0.513
8,12,19,730960,1.731,0.498
42,57,69,724201,3.033,0.491
41,55,68,563731,3.025,0.528
4,6,10,1353987,1.292,0.63
4,7,12,563729,1.28,0,49
14,20,27,563730,2.1,0.522
37,51,63,564184,2.922,0.271
90,120,141,565639,3.906,0.22
7,10,16,564182,1.606,0.436
87,116,136,564610,3.863,0.408
87,116,138,811969,3.823,0.314
12,17,24,564611,1.98,0.5
31,42,53,564609,2.738,0.499
86,115,136,569795,3.811,0.24
43,59,73,565453,3.03,0.363
12,18,26,565454,1.981,0.317
37,51,64,566931,2.914,0.468
31,43,55,811967,2.693,0.279
7,10,16,566929,1.6,0.567
16,23,31,796256,2.197,0.341
9,13,21,811968,1.719,0.34
142,188,218,577429,4.505,0.289
11,16,23,578789,1.919,0,418
79,105,124,594075,3.74,0.462
25,35,45,677545,2.58,0.429
29,41,51,578591,2.707,0.439
6,10,16,677546,1.589,0.383
125,166,193,579709,4.326,0.284
107,142,165,579715,4.121,0.144
6,10,15,579711,1.55,0.482
13,18,26,579719,2.022,0.441
45,60,74,579713,3.093,0.343
28,39,50,579717,2.663,0.38
3,5,10,613083,1.178,0.431
4,7,12,581455,1.312,0.513
32,44,56,581457,2.765,0.481
11,17,24,581459,1.945,0.572
62,83,100,584589,3.45,0.444
31,43,54,585251,2.764,0.341
5,8,12,585053,1.433,0.475
12,17,24,584137,1.967,0.404
41,56,69,585313,3.007,0.453
139,184,212,583855,4.491,0.309
227,299,341,584403,5.268,0.283
53,72,86,610341,3.276,0.399
23,32,41,610383,2.477,0.491
85,113,133,685688,3.828,0.425
73,98,116,693142,3.649,0.527
9,13,20,610387,1.796,0.495
8,12,19,587403,1.753,0.569
28,39,49,587401,2.678,0.398
154,204,236,963330,4.629,0.224
49,66,80,603533,3.203,0.496
3,6,11,587399,1.237,0.471
11,17,23,587949,1.955,0.49
24,33,42,588677,2.519,0.518
4,7,12,591049,1.314,0.485
65,88,104,588679,3.535,0.337
7,10,16,379246,1.602,0.552
10,15,21,589117,1.887,0.515
44,61,77,378316,3.083,0.561
4,7,12,589115,1.333,0.538
25,35,47,378616,2.56,0.523
32,44,54,589113,2.804,0.438
8,13,19,589157,1.755,0.551
21,29,37,1353986,2.459,0.542
24,34,44,601923,2.523,0.451
17,24,32,592403,2.245,0.346
5,9,15,595387,1.474,0.436
67,90,107,590615,3.538,0.417
149,197,227,590515,4.579,0.329
118,157,181,590575,4.259,0.532
43,58,70,590573,3.055,0.447
10,15,22,590577,1.858,0.531
6,9,13,1353988,1.564,0.711
73,98,116,378746,3.647,0.587
103,137,160,667736,4.064,0.372
36,49,61,671362,2.897,0.429
10,15,23,664870,1.885,0.451
17,24,33,601871,2.239,0.512
10,15,22,601873,1.902,0.52
4,6,11,601869,1.246,0.562
55,74,89,613533,3.319,0.395
11,17,24,630749,1.95,0.459
112,149,174,602235,4.175,0.321
21,30,41,378642,2.42,0,443
12,17,24,603393,1.987,0.508
248,327,373,649616,5.429,0.296
55,73,88,603389,3.308,0.409
142,188,217,603737,4.513,0,398
6,9,14,282317,1.538,0.414
10,14,20,606501,1.865,0.508
76,102,120,638907,3.708,0.302
3,5,10,606497,1.113,0.525
32,43,54,606499,2.786,0.514
35,48,60,641173,2.846,0.387
84,112,133,669836,3.786,0.379
11,17,25,619143,1.915,0.475
5,8,14,641171,1.365,0.474
96,128,150,972610,3.953,0.348
134,178,207,619693,4.417,0.171
63,85,102,892786,3.427,0.319
44,60,74,957868,3.038,0.263
15,22,32,944741,2.114,0.356
101,134,158,1074591,4.021,0.159
34,46,56,282336,2.844,0.376
7,10,16,640821,1.596,0.412
26,37,47,706257,2.603,0.358
9,14,21,956248,1.726,0.317
10,15,21,622187,1.89,0.389
3,6,10,620931,1.256,0.598
32,44,54,625399,2.785,0.503
57,76,90,631305,3.368,0.416
15,21,28,727203,2.184,0.595
8,12,17,727202,1.778,0.548
9,14,20,282316,1.836,0.478
8,12,18,745263,1.729,0.36
33,45,56,745264,2.811,0.39
57,76,91,745024,3.371,0.357
6,9,15,748746,1.523,0.262
12,18,26,748745,1.993,0.293
27,37,47,748755,2.623,0.175
51,68,82,637747,3.245,0.445
5,8,13,637749,1.415,0.499
18,25,33,637751,2.283,0.414
14,20,28,671990,2.054,0.301
53,71,87,671989,3.236,0.155
92,123,144,381061,3.923,0.467
4,6,10,283763,1.327,0.559
24,33,43,721245,2.498,0.328
4,7,12,383040,1.252,0.627
71,95,113,632043,3.584,0.299
6,10,17,721246,1.571,0.488
11,17,25,636841,1.894,0.429
5,9,15,639249,1.449,0.369
6,10,16,796259,1.581,0.344
39,54,67,632755,2.955,0.481
8,12,18,650643,1.731,0.577
26,35,45,641425,2.584,0.464
53,71,85,381060,3.27,0.424
3,6,11,641423,1.232,0.517
55,74,88,641427,3.333,0.512
27,37,47,644701,2.63,0.434
81,108,128,641637,3.788,0.384
2,3,7,645315,0.834,0.424
6,10,16,674492,1.54,0.459
13,19,28,662676,1.979,0.282
27,38,50,669652,2.586,0.343
188,249,287,884790,4.948,0.141
18,25,36,669651,2.212,0.3
55,74,91,661929,3.27,0.22
4,7,14,661898,1.284,0.379
87,117,137,643797,3.848,0.273
101,135,159,984693,4.019,0.235
3,6,10,643793,1.212,0.498
10,15,22,643799,1.881,0.521
35,48,59,643795,2.858,0.348
39,53,65,645431,2.963,0.479
112,149,173,651992,4.195,0.484
9,14,22,645284,1.802,0.475
46,62,76,646828,3.125,0.432
14,21,29,646644,2.113,0.484
108,144,168,646643,4.13,0.325
5,8,14,645430,1.388,0.48
177,234,269,646319,4.85,0.136
17,24,34,647322,2.176,0.34
57,77,94,677982,3.318,0.283
6,10,18,653106,1.516,0.302
11,16,24,657251,1.919,0.357
9,14,22,965435,1.77,0.297
3,6,11,656194,1.179,0.483
88,118,138,646398,3.857,0.289
33,46,57,706788,2.818,0.409
49,66,80,647141,3.174,0.288
10,15,22,646606,1.828,0.424
70,94,112,646605,3.571,0.488
45,61,76,962337,3.061,0.348
32,45,57,646604,2.764,0.405
8,12,17,654374,1.729,0.521
20,28,35,649842,2.392,0.463
48,65,77,654373,3.196,0.444
82,110,131,649841,3.792,0.405
76,102,123,652299,3.657,0.294
13,19,29,651221,1.979,0.322
29,41,54,651705,2.626,0.417
175,232,268,885133,4.831,0.075
4,6,11,796253,1.247,0.325
11,16,22,654325,1.937,0.423
31,43,53,654324,2.784,0.383
8,12,18,381701,1.706,0.435
84,111,130,857305,3.841,0.438
3,6,11,654326,1.205,0.392
44,60,72,864984,3.124,0.453
54,73,87,394372,3.317,0.474
70,94,112,723135,3.585,0.316
24,34,45,692006,2.519,0.426
14,21,29,692009,2.109,0.377
3,6,11,723137,1.126,0.465
27,37,48,656891,2.625,0.407
10,14,21,656890,1.859,0.445
21,30,40,382079,2.425,0.48
97,129,151,677505,3.989,0.359
9,13,20,658402,1.769,0.47
68,92,109,658401,3.559,0.329
29,40,52,658400,2.69,0.442
10,15,22,659210,1.887,0.538
3,5,9,381700,1.114,0.456
50,68,82,659148,3.223,0.43
142,188,217,659110,4.513,0.368
88,117,136,308417,3.887,0.4
9,13,20,360303,1.804,0.57
33,45,55,308416,2.821,0.537
88,117,137,659495,3.849,0.432
9,13,20,659612,1.783,0.551
32,44,56,659652,2.755,0.488
94,126,147,913135,3.953,0.333
15,22,31,659684,2.16,0.361
129,170,198,659683,4.375,0.302
53,72,87,659681,3.285,0.327
4,7,13,671311,1.3,0.446
36,49,61,914257,2.883,0.298
23,31,41,661219,2.475,0.365
3,5,10,743540,1.127,0.434
7,12,18,661019,1.677,0.486
56,76,91,662080,3.353,0.391
99,132,153,662524,4.073,0.427
156,206,237,1128957,4.657,0.425
11,16,23,662526,1.961,0.468
42,57,69,662525,3.067,0.419
78,105,125,663565,3.694,0.342
34,47,60,664215,2.794,0.37
12,17,26,663564,1.95,0,45
10,15,22,924333,1.873,0.49
33,45,57,719514,2.782,0.411
162,214,248,665659,4.706,0.36
11,16,24,667786,1.916,0.461
144,191,220,672779,4.529,0.26
62,84,101,667785,3.441,0.404
150,199,230,725224,4.591,0.486
8,13,20,666200,1.725,0.411
3,6,12,870354,1.132,0.458
60,81,98,847322,3.405,0.441
30,42,53,666600,2.711,0.416
7,11,18,667140,1.649,0.434
82,109,128,667141,3.788,0.439
5,9,15,381597,1.428,0.487
22,31,42,667142,2.448,0.32
11,16,24,670488,1.917,0.557
40,55,68,668729,2.98,0.391
109,146,171,669557,4.133,0.322
19,28,37,395124,2.341,0.513
72,97,115,668727,3.599,0.334
55,74,90,668854,3.318,0.418
7,11,17,668855,1.628,0.501
16,24,32,668857,2.212,0.474
182,240,276,711786,4.893,0.342
40,55,68,395125,2.988,0.516
145,192,221,668856,4.542,0.359
80,108,129,669920,3.728,0.163
141,187,215,674176,4.519,0.377
48,64,78,674175,3.168,0.518
9,13,19,674177,1.771,0.548
135,179,208,674460,4.431,0.248
20,28,37,683687,2.354,0.441
7,11,16,675447,1.636,0.471
7,11,17,408475,1.611,0.559
93,124,147,678396,3.905,0.274
43,58,71,680719,3.046,0.496
103,137,160,678460,4.056,0.394
12,18,25,685904,1.988,0.441
81,108,127,683222,3.778,0.358
8,13,20,680390,1.751,0.487
34,46,58,680389,2.84,0.565
3,6,11,682115,1.192,0.459
21,30,40,572835,2.416,0.405
38,51,63,309582,2.933,0.492
103,138,162,309584,4.071,0.429
59,79,94,314892,3.395,0.537
7,10,16,309583,1.615,0.624
12,17,25,927964,1.979,0.51
212,280,320,689769,5.15,0.219
49,66,81,927962,3.201,0.327
208,274,313,688307,5.114,0.26
36,49,61,714182,2.888,0.424
94,125,147,702990,3.946,0.29
11,16,23,691738,1.896,0.411
236,311,356,763657,5.336,0.174
9,14,22,573749,1.817,0.371
26,36,46,683857,2.58,0.475
6,9,15,683856,1.507,0.446
175,230,263,798208,4.843,0.436
72,97,115,684452,3.626,0.384
15,22,30,737601,2.162,0.457
86,114,134,683397,3.832,0.323
4,7,12,894354,1.352,0.412
35,48,60,892179,2.859,0.427
4,7,12,927961,1.316,0.46
31,42,53,683578,2.754,0.407
49,65,79,804130,3.201,0.524
8,12,18,683576,1.711,0.512
99,132,155,927963,4.027,0.34
8,13,19,686216,1.756,0.453
31,43,53,686215,2.756,0.332
65,88,104,686708,3.527,0.316
53,72,88,564542,3.261,0.305
114,152,179,433150,4.193,0.27
16,22,31,999716,2.183,0.409
152,200,231,999714,4.62,0.303
84,111,131,690293,3.813,0.398
41,55,68,718199,3.009,0.4
4,7,12,999715,1.316,0.531
34,47,58,311120,2.85,0.542
9,13,20,311121,1.803,0.531
3,5,10,311119,1.095,0.554
147,195,226,725897,4.56,0.161
171,226,261,1192532,4.789,0.216
11,17,24,375581,1.951,0.534
10,15,22,691267,1.894,0.465
31,43,53,691273,2.77,0.424
6,11,18,691392,1.521,0.403
21,30,41,691391,2.376,0.403
40,54,66,709257,2.993,0.506
9,14,21,723052,1.822,0.507
178,235,270,735806,4.857,0.369
84,113,133,703209,3.809,0.357
232,307,353,692640,5.299,0.107
104,139,163,693320,4.064,0.226
4,7,12,710980,1.256,0.469
37,50,62,694150,2.91,0.53
131,174,201,694152,4.403,0.37
10,15,22,694153,1.869,0.481
85,113,132,694151,3.823,0.391
27,37,48,694245,2.621,0.417
58,78,93,711736,3.382,0.315
4,7,13,694244,1.378,0.488
8,12,19,694246,1.713,0.604
14,20,27,694477,2.087,0.425
31,43,54,694476,2.767,0.426
74,98,116,703513,3.665,0.351
5,9,14,694475,1.476,0.429
88,117,138,694589,3.869,0.345
12,17,24,694590,1.969,0.42
35,48,60,694588,2.857,0.413
130,172,201,695556,4.37,0.157
16,23,31,695667,2.173,0.351
43,58,70,382539,3.041,0.416
47,63,77,961773,3.127,0.476
115,153,179,899909,4.202,0.267
93,124,146,899045,3.92,0.399
5,9,15,902062,1.441,0.495
31,43,55,695666,2.73,0.352
62,83,98,388297,3.471,0.322
3,5,9,384379,1.124,0.484
8,13,19,317000,1.764,0.614
9,14,20,389981,1.833,0.438
71,95,112,709479,3.624,0.338
45,61,74,699264,3.142,0.414
22,31,40,702961,2.472,0.482
11,17,24,699263,1.953,0.446
5,7,13,699262,1.39,0.445
3,6,10,1065250,1.27,0.46
33,45,57,700974,2.792,0.435
9,14,21,700976,1.783,0.482
67,90,107,700975,3.542,0.354
10,15,21,1064495,1.912,0.369
19,27,36,384380,2.357,0.458
15,22,31,706188,2.077,0.387
6,10,17,706187,1.491,0.339
100,133,158,704075,4.003,0.298
35,48,62,702841,2.804,0.33
134,178,206,705695,4.428,0.253
44,59,72,703723,3.087,0.464
12,17,25,729013,1.983,0.445
94,125,146,703146,3.957,0.43
38,51,64,746949,2.912,0.27
113,151,176,713130,4.184,0.111
93,124,145,746951,3.923,0.222
11,16,24,746952,1.908,0.348
261,345,393,713131,5.519,0.111
305,402,458,713128,5.809,0.105
4,7,13,746950,1.356,0.357
5,7,13,395284,1.388,0.441
111,148,173,967643,4.153,0.129
41,56,70,968805,3,0.283
10,15,22,703897,1.828,0.377
43,59,74,703896,3.043,0.343
117,155,181,375580,4.229,0,344
7,11,18,315293,1.671,0.56
19,27,36,315291,2.349,0.535
70,94,111,315292,3.599,0.363
22,30,38,391999,2.447,0.386
38,51,62,392001,2.937,0.33
108,144,170,708015,4.114,0.232
45,61,76,992414,3.087,0.364
30,42,54,736928,2.683,0.351
200,265,304,747621,5.052,0.154
60,80,97,736929,3.376,0.23
9,13,21,992443,1.749,0.35
137,182,212,736931,4.456,0.206
5,9,15,736927,1.463,0.401
16,23,31,736930,2.157,0.372
92,123,145,708663,3.902,0.234
26,36,47,992444,2.562,0.31
2,4,7,286735,0.957,0.594
10,14,20,802002,1.881,0.557
3,5,8,802000,1.107,0.526
24,33,42,802001,2.538,0.441
14,21,29,1383720,2.128,0.297
10,14,21,712086,1.853,0.332
30,41,52,712085,2.735,0.406
150,199,230,1001677,4.593,0.148
16,22,30,319111,2.179,0.576
22,31,39,286838,2.467,0.497
2,4,8,318072,0.996,0.563
67,89,106,321418,3.537,0.459
10,15,21,318070,1.874,0.626
54,73,87,318068,3.318,0.496
79,105,124,318069,3.724,0.42
43,58,70,285249,3.068,0.43
9,13,18,286738,1.794,0.502
70,95,113,992415,3.583,0.179
24,33,42,713956,2.505,0.536
94,126,147,742429,3.95,0.479
175,231,265,741601,4.835,0.308
6,9,15,713953,1.491,0.429
14,20,27,713957,2.105,0.532
59,79,95,713954,3.382,0.393
22,30,39,716207,2.47,0.41
13,18,25,716208,2.065,0.464
28,39,48,716937,2.699,0.452
6,9,14,715419,1.553,0.398
5,8,13,720094,1.403,0.441
11,16,23,726056,1.954,0.447
37,51,62,726055,2.946,0.433
49,66,80,717102,3.184,0.341
102,135,158,726520,4.049,0.364
9,14,20,718036,1.809,0.599
22,31,40,974435,2.465,0.345
7,11,18,974436,1.674,0.477
85,114,135,718401,3.846,0.333
3,6,10,974434,1.194,0.455
7,11,18,427175,1.611,0.377
2,3,7,1387597,0.894,0.53
6,9,15,718572,1.492,0.437
16,23,32,718534,2.21,0.378
32,44,56,718503,2.781,0.422
12,17,25,718843,1.954,0.369
90,119,140,718842,3.897,0.335
32,44,55,719602,2.785,0.507
4,7,13,718841,1.365,0.409
5,8,14,756710,1.394,0.459
37,51,62,756694,2.923,0.441
137,182,210,718998,4.481,0.366
76,101,119,754175,3.7,0.48
13,19,26,756711,2.045,0.523
45,61,74,719963,3.133,0.425
9,13,19,719965,1.763,0.537
131,173,199,719964,4.432,0.263
7,11,17,318077,1.624,0.541
32,44,55,318076,2.779,0.519
54,73,89,318075,3.298,0.387
28,39,48,318074,2.679,0.402
45,61,74,720562,3.11,0.423
14,20,27,720558,2.081,0.536
99,132,154,720560,4.013,0.314
77,103,121,720556,3.707,0.431
149,197,228,720557,4.575,0.221
29,40,51,449738,2.669,0.381
5,8,13,720553,1.459,0.593
6,9,15,720573,1.496,0.397
7,11,18,720576,1.671,0.55
37,51,62,720574,2.924,0.41
80,107,126,720575,3.767,0.421
10,15,22,722087,1.857,0.481
99,131,153,721998,4.025,0.401
40,54,66,721999,3.001,0.48
17,24,33,723149,2.227,0.502
138,182,211,723148,4.461,0.351
68,91,108,723147,3.556,0.443
4,7,13,723304,1.36,0.499
35,48,60,1383719,2.876,0.276
5,8,14,725342,1.449,0.475
91,121,142,724148,3.903,0.497
16,23,32,724150,2.195,0.47
137,182,210,724151,4.46,0.356
260,342,390,724149,5.509,0.283
54,72,88,724147,3.285,0.378
10,14,21,397397,1.862,0.525
78,105,125,754399,3.689,0.132
18,25,34,397394,2.305,0.463
30,42,53,726079,2.717,0.432
5,9,15,726205,1.466,0.442
13,19,27,726169,2.03,0.467
53,72,86,397396,3.295,0.445
24,34,46,728289,2.478,0.297
11,17,25,728291,1.906,0.364
57,77,94,728290,3.32,0.361
69,92,109,322867,3.595,0.424
46,62,75,319390,3.146,0.379
10,14,21,323001,1.841,0.553
3,6,11,320800,1.219,0.531
3,6,12,382544,1.146,0.545
85,114,135,746614,3.794,0.18
40,55,69,778353,2.954,0.317
17,25,34,779139,2.233,0.353
97,129,153,730528,3.966,0.205
6,9,16,779419,1.479,0.443
16,23,33,739104,2.144,0.267
4,8,15,747183,1.285,0.357
242,319,364,1038662,5.381,0.11
5,9,15,732405,1.482,0.492
49,66,79,732382,3.201,0.363
14,21,29,732475,2.125,0.399
10,15,21,768222,1.87,0.404
50,67,81,734320,3.227,0.399
24,34,44,734373,2.543,0.409
70,93,111,739982,3.556,0.385
5,9,15,744490,1.453,0.418
2,4,7,986693,0.921,0.537
32,44,55,740038,2.743,0.392
13,20,28,843604,2.038,0.403
148,196,225,735817,4.585,0.302
16,22,30,735818,2.188,0.524
5,9,15,759377,1.451,0.457
57,77,92,742482,3.367,0,32
112,148,172,748488,4.209,0.406
11,16,23,748486,1.953,0.32
42,56,69,748487,3.047,0.457
10,14,21,986883,1.869,0.289
20,27,36,320007,2.35,0.569
7,11,18,320006,1.652,0.546
4,7,13,392717,1.333,0.54
47,64,77,746822,3.166,0.459
6,10,16,746827,1.57,0.521
16,22,30,747141,2.191,0.475
109,145,169,998445,4.166,0.294
32,44,55,738640,2.797,0.412
28,39,49,737816,2.658,0.488
12,17,24,737815,1.977,0.445
43,59,72,738661,3.073,0.457
52,70,85,392718,3.24,0.412
14,20,28,998444,2.113,0.436
8,13,19,739936,1.743,0.394
32,43,54,744779,2.779,0.302
86,115,135,739841,3.858,0.476
26,36,45,739854,2.59,0.508
8,12,18,739855,1.694,0.535
4,7,13,761310,1.294,0.479
33,45,57,743341,2.792,0.378
12,18,25,749179,1.999,0.501
4,7,12,1383718,1.337,0.517
11,16,23,392719,1.897,0.573
5,8,14,998442,1.47,0.456
82,109,129,751916,3.763,0.368
9,14,20,743775,1.855,0.47
3,5,9,743774,1.109,0.507
47,64,77,998443,3.164,0.459
42,57,70,320154,3.036,0.437
4,7,13,320155,1.322,0.614
107,142,165,323459,4.123,0.487
9,14,20,746129,1.828,0.527
28,39,48,750516,2.668,0.307
15,21,29,392972,2.145,0.362
33,46,57,751219,2.803,0.411
49,66,80,800539,3.185,0.439
102,135,158,746130,4.043,0.259
25,35,45,755764,2.57,0.366
37,50,63,750959,2.916,0.345
87,116,136,750774,3.873,0.369
7,11,17,750960,1.646,0.525
53,71,86,752508,3.288,0.491
43,58,71,752458,3.055,0.417
102,136,158,751780,4.074,0.432
5,8,13,751932,1.428,0.486
15,21,29,752419,2.127,0.425
5,8,12,752776,1.44,0.539
139,184,213,752775,4.477,0.17
10,14,21,752778,1.848,0.522
6,9,14,392973,1.507,0.47
47,63,77,752777,3.144,0.368
18,26,34,754033,2.32,0.433
9,13,20,754034,1.809,0.456
4,7,12,754040,1.388,0.479
5,7,12,753644,1.399,0.556
48,64,77,753218,3.187,0.454
101,135,156,753220,4.079,0.521
16,22,30,753219,2.192,0.525
37,51,63,753768,2.895,0.319
156,207,238,753769,4.661,0.339
9,13,20,753859,1.767,0.37
63,84,99,756698,3.485,0.583
31,43,53,755935,2.77,0.527
10,15,21,755234,1.869,0.497
4,7,12,756980,1.297,0.553
32,44,56,758535,2.758,0.362
15,21,29,1002504,2.129,0.372
7,11,18,756700,1.629,0.37
22,31,40,756699,2.441,0.347
172,227,262,1104774,4.801,0.117
10,15,23,758532,1.865,0.39
41,56,70,758531,2.994,0.411
112,148,172,758198,4.169,0.438
77,103,121,393291,3.732,0.51
26,36,46,758598,2.597,0.328
12,17,25,758599,2,0.37
4,7,12,758597,1.346,0.429
6,10,16,916729,1.523,0.406
150,199,230,766727,4.588,0.303
70,94,112,902771,3.559,0.38
35,48,61,903457,2.832,0.394
13,19,27,916730,1.991,0.456
190,251,288,782953,4.961,0.241
27,37,46,394019,2.634,0.463
9,14,20,1207644,1.822,0.417
109,146,171,905576,4.131,0.348
252,332,379,767046,5.452,0.279
10,15,21,393292,1.892,0.473
11,16,23,767308,1.927,0.434
97,128,150,767309,3.983,0.308
49,66,80,767310,3.198,0.334
151,200,231,767311,4.605,0.255
4,6,12,1002540,1.264,0.403
99,132,155,767640,4.02,0.42
74,99,117,1002503,3.63,0.299
407,535,606,1001780,6.39,0.146
44,59,73,769268,3.078,0.634
12,18,26,769867,2.001,0.356
112,149,174,1002502,4.171,0.27
39,53,65,769866,2.953,0.467
124,165,191,769868,4.322,0.346
16,23,32,770128,2.204,0.399
6,9,15,770125,1.496,0.4
394,518,587,770129,6.324,0.219
539,707,799,770127,7.012,0.139
143,190,219,770126,4.524,0.252
67,90,107,770124,3.521,0.3
306,403,458,789784,5.817,0.239
15,22,30,771808,2.168,0.438
22,31,40,1207643,2.472,0.467
5,8,14,771861,1.451,0.467
138,182,210,770372,4.471,0.332
55,73,88,774807,3.313,0.413
3,6,11,470302,1.19,0.524
15,22,30,321664,2.136,0.414
94,125,146,770840,3.946,0.446
12,17,24,770842,1.963,0.443
39,53,65,770841,2.964,0.5
10,14,21,393810,1.867,0.553
56,75,89,771271,3.356,0.421
80,107,126,771272,3.774,0.461
11,16,23,771273,1.943,0.511
32,43,54,393809,2.778,0.43
59,79,94,772148,3.396,0.409
3,6,11,772340,1.137,0.495
12,18,26,772318,1.993,0.41
24,34,44,784535,2.529,0.372
5,8,14,393807,1.475,0.467
42,57,70,772682,3.053,0.438
11,16,23,785403,1.959,0.515
101,135,157,772683,4.035,0.322
168,223,257,772685,4.769,0.374
18,26,35,393808,2.301,0.45
92,123,144,774224,3.914,0.384
10,14,21,777121,1.851,0.554
210,278,318,774837,5.136,0.304
39,53,66,777052,2.966,0.457
10,14,20,779724,1.864,0.505
64,86,103,778541,3.508,0.415
26,36,45,778633,2.594,0.473
9,14,20,778876,1.82,0.363
39,53,65,778875,2.979,0.365
15,21,28,1128953,2.146,0.383
36,49,61,780899,2.887,0.434
11,16,23,780733,1.915,0.432
104,138,161,780992,4.096,0.381
5,8,13,785674,1.474,0.506
156,206,236,784054,4.659,0.515
46,62,75,785226,3.127,0.446
97,129,150,785227,3.989,0.4
14,20,28,785209,2.102,0.532
139,184,212,784842,4.479,0.364
13,18,26,784841,2.026,0.494
51,68,82,785378,3.231,0.412
103,137,160,784840,4.074,0.278
4,7,12,793234,1.284,0.514
5,8,14,1128018,1.464,0.38
18,25,35,785408,2.276,0.314
4,6,12,785407,1.249,0.42
5,9,16,805282,1.432,0.408
14,20,28,799922,2.042,0.445
231,305,348,785580,5.299,0.212
45,61,76,791833,3.056,0.306
134,178,206,790529,4.419,0.224
38,51,63,1127378,2.947,0.434
83,111,130,790664,3.837,0.497
43,58,70,787929,3.077,0.414
12,17,23,787930,1.987,0.535
182,240,275,830047,4.895,0.46
66,88,105,411579,3.513,0.566
6,10,17,830046,1.566,0.403
23,33,44,830044,2.474,0.384
73,99,118,830045,3.617,0.302
4,7,12,789826,1.27,0.487
14,20,28,789828,2.098,0.435
43,59,71,789825,3.07,0.455
85,113,133,789905,3.824,0.295
152,200,231,789827,4.614,0.283
89,119,142,790181,3.847,0.29
30,42,53,405405,2.714,0.379
12,17,25,1014342,1.965,0.438
30,42,53,396838,2.709,0.497
4,6,12,1014447,1.253,0.372
84,112,132,415860,3.789,0.418
33,45,57,418471,2.797,0.53
53,72,87,1013168,3.262,0.283
20,28,37,1016490,2.351,0.426
32,44,54,321978,2.8,0.419
8,12,19,352168,1.737,0.52
3,5,10,332782,1.082,0.526
26,36,47,792788,2.589,0.371
7,11,18,792789,1.641,0.348
4,7,12,792787,1.283,0.439
6,9,15,793122,1.506,0.347
77,103,121,1207642,3.713,0.332
127,169,196,1163515,4.344,0.149
17,25,34,793121,2.259,0.294
56,75,90,813108,3.349,0.498
80,107,126,793308,3.763,0.498
11,16,23,794138,1.928,0.425
4,7,13,403537,1.296,0.561
27,37,46,796761,2.62,0,467
10,15,23,400099,1.885,0.562
35,48,59,793652,2.884,0.333
9,14,20,793389,1.833,0.379
55,74,89,793385,3.344,0.404
66,88,104,814598,3.53,0.444
30,41,52,797205,2.713,0.573
13,19,26,802229,2.033,0.471
5,8,14,801751,1.417,0.472
12,17,24,399975,1.978,0.577
41,56,68,400120,3.012,0.503
6,9,16,1016101,1.46,0.402
90,121,143,1016103,3.871,0.193
83,112,133,795971,3.774,0.204
16,24,33,1016104,2.18,0.413
240,316,362,797527,5.36,0.066
45,61,76,1016102,3.059,0.277
15,22,30,363105,2.171,0.43
138,183,211,364220,4.469,0.288
121,160,186,414908,4.279,0.358
72,96,114,798270,3.634,0.3
4,7,12,813120,1.376,0.265
10,15,22,802909,1.88,0.34
36,48,60,809751,2.893,0.398
166,220,252,798950,4.751,0.337
38,52,63,804178,2.933,0.487
7,11,17,798952,1.625,0.452
134,178,205,798949,4.424,0.48
107,143,166,798976,4.126,0.282
17,23,32,798951,2.224,0.498
19,27,36,803857,2.343,0.474
6,10,16,803859,1.585,0.456
54,72,87,803858,3.309,0.356
14,20,29,802125,2.095,0.432
91,121,142,801583,3.932,0.403
31,43,55,802124,2.76,0.422
5,8,15,802123,1.398,0.342
13,19,27,801649,2.063,0.451
5,8,13,802129,1.404,0.41
33,45,57,801047,2.798,0.439
9,14,20,802365,1.834,0.407
60,80,95,835098,3.444,0.455
19,27,35,802296,2.349,0.45
7,11,19,805150,1.57,0.391
25,36,47,802867,2.519,0.355
71,96,115,802866,3.576,0.361
12,18,25,803578,1.988,0.522
127,168,195,988474,4.343,0.267
183,242,278,803703,4.909,0.357
31,43,55,289300,2.756,0.412
6,9,15,1080725,1.494,0.417
46,62,76,803702,3.11,0.392
4,7,12,820912,1.286,0.474
8,13,20,304425,1.737,0.491
46,63,77,809543,3.136,0.293
103,138,161,804001,4.056,0.303
10,14,22,805972,1.818,0.447
85,114,134,818950,3.806,0.355
34,47,59,813436,2.833,0.438
143,189,220,805976,4.516,0.345
9,14,21,813431,1.795,0.456
39,52,64,323954,2.978,0.46
177,234,268,285623,4.863,0.208
8,13,19,323955,1.765,0.574
104,139,163,807081,4.058,0.237
45,61,76,808922,3.071,0.347
17,25,34,822561,2.235,0.31
5,9,15,822560,1.475,0.386
48,65,79,807584,3.173,0.354
23,32,42,807583,2.473,0.387
6,10,16,807585,1.567,0.401
3,6,10,400121,1.227,0.549
111,147,171,813392,4.172,0.289
229,301,344,1087088,5.28,0.353
39,53,66,807837,2.958,0.446
12,17,24,918985,1.958,0.482
83,110,130,807836,3.785,0.271
110,146,170,1023089,4.138,0.276
5,9,16,860715,1.451,0.417
3,5,11,860716,0.974,0.393
6,9,15,400117,1.551,0.565
14,20,27,1023090,2.082,0.446
46,62,75,404544,3.145,0.397
9,14,21,814665,1.825,0.418
75,101,120,813434,3.681,0.506
27,37,47,814070,2.604,0.473
20,27,36,405007,2.359,0.347
340,448,508,1023071,6.025,0.29
11,16,23,816515,1.953,0.428
53,72,86,1023088,3.279,0.37
56,75,90,819180,3.362,0.363
38,52,64,815523,2.968,0.393
383,504,571,1021312,6.266,0.217
4,7,13,1024191,1.308,0.361
2,3,7,342602,0.87,0.517
11,16,23,338760,1.921,0,565
7,11,17,342173,1.672,0.478
32,44,55,338733,2.773,0.436
20,28,37,400063,2.383,0.486
43,58,71,822080,3.071,0.335
5,8,14,822081,1.426,0.306
11,17,24,822082,1.939,0.379
61,82,98,823729,3.443,0.397
9,14,21,822568,1.832,0.438
24,34,43,823358,2.535,0.391
3,6,10,968400,1.191,0.462
46,62,76,1037223,3.121,0.411
336,442,500,823842,5.999,0.088
4,7,12,1035142,1.332,0.434
13,19,27,1035811,2.059,0.453
156,207,238,829747,4.654,0.389
9,14,21,824274,1.826,0.467
38,52,64,824273,2.942,0.492
106,141,164,823920,4.119,0.463
13,19,27,847655,2.062,0.459
4,7,13,825656,1.34,0.462
80,106,125,825237,3.756,0.573
126,167,193,825238,4.341,0.416
38,52,64,829161,2.942,0.402
176,233,269,1028171,4.844,0.284
95,127,148,1035810,3.956,0.393
88,118,139,829151,3.865,0.332
11,16,23,832100,1.91,0.436
47,63,77,829150,3.142,0.355
45,61,74,829741,3.118,0.393
83,111,130,829742,3.802,0.332
11,17,23,829740,1.962,0.389
84,113,134,400353,3.783,0.243
8,13,19,851319,1.755,0.449
35,47,59,851318,2.863,0.414
97,129,151,1167077,3.992,0.433
157,208,240,832915,4.658,0.367
59,79,95,854005,3.367,0.427
5,9,15,863114,1.436,0.363
14,20,29,863379,2.074,0.454
31,43,54,932236,2.731,0.219
103,136,159,862778,4.047,0.242
5,8,13,1030926,1.432,0.502
9,14,21,872751,1.8,0.319
205,270,309,834266,5.089,0.193
33,45,57,834371,2.785,0.425
110,147,171,862667,4.146,0.325
146,193,223,834370,4.547,0.4
14,20,29,834372,2.083,0.426
43,59,72,860097,3.035,0.397
5,8,14,837833,1.43,0.44
74,99,117,1030928,3.657,0.32
35,48,59,1167078,2.87,0.492
15,22,31,836173,2.112,0.268
10,15,23,856052,1.811,0.275
31,44,56,836174,2.728,0.301
25,34,44,927507,2.553,0.461
109,144,168,836662,4.147,0.479
70,94,111,901488,3.594,0.456
160,211,243,1030909,4.699,0.207
44,59,72,836721,3.073,0.376
14,20,27,1167079,2.094,0.524
10,15,22,836251,1.872,0.471
129,171,198,840232,4.396,0.581
49,66,80,836763,3.191,0.374
131,174,200,836764,4.401,0.316
4,7,12,838074,1.291,0.457
11,17,24,836774,1.954,0.498
10,15,22,408911,1.887,0.49
6,10,16,839940,1.553,0.515
16,23,31,839155,2.226,0.53
24,34,44,408198,2.532,0.498
44,60,73,839152,3.079,0.438
90,121,142,839153,3.891,0.372
128,170,197,841922,4.361,0.395
12,17,25,841924,1.955,0.509
41,56,69,841923,2.995,0.367
9,14,21,845200,1.813,0.371
26,36,46,845162,2.573,0.405
48,65,80,843707,3.172,0.455
69,94,113,844656,3.548,0.287
275,362,411,847379,5.611,0.29
17,25,34,888990,2.222,0.371
248,327,373,893899,5.424,0.29
6,9,16,849276,1.463,0.346
145,192,223,865372,4.538,0.311
14,20,28,863173,2.111,0.429
34,46,58,864824,2.819,0.308
51,69,83,856266,3.236,0.475
83,111,130,862591,3.797,0.4
4,7,12,862590,1.315,0.479
7,11,19,625675,1.579,0.511
4,8,14,628107,1.308,0.445
51,68,82,866194,3.277,0.52
19,26,33,866195,2.339,0.468
6,9,13,866196,1.563,0.494
34,46,58,331961,2.825,0.429
2,4,8,362419,0.895,0.553
9,14,20,331962,1.814,0.554
82,109,128,948432,3.772,0.241
36,49,61,884655,2.878,0.391
10,14,22,943922,1.827,0.49
120,160,186,866798,4.274,0.37
126,167,194,1208071,4.33,0.309
113,151,178,437946,4.181,0.141
10,15,22,867414,1.866,0.394
39,53,65,867399,2.962,0.394
4,6,11,867415,1.263,0.475
66,89,107,691494,3.487,0.298
4,7,12,869920,1.359,0.435
29,41,53,625673,2.658,0.37
13,19,26,869923,2.043,0.433
31,43,54,869921,2.765,0.494
53,72,87,869922,3.272,0.345
436,572,646,992512,6.537,0.143
5,8,13,1039587,1.422,0.534
186,246,282,871129,4.93,0.241
2,4,8,1063125,0.83,0.336
32,44,56,884692,2.757,0.31
108,144,168,884693,4.117,0.327
11,16,24,916207,1.909,0.402
13,19,28,1035001,2.012,0.433
4,7,12,1214565,1.276,0.462
36,50,63,1061484,2.835,0.377
5,8,15,1035000,1.348,0.393
90,121,144,888023,3.875,0.207
41,57,71,888022,2.977,0.318
13,19,27,890799,2.058,0.44
35,47,59,890797,2.853,0.415
5,8,14,890821,1.459,0.425
82,109,128,890798,3.786,0.359
155,205,236,895083,4.651,0.382
20,27,36,895669,2.37,0.418
51,69,83,896544,3.243,0.371
7,11,16,895668,1.644,0.486
108,143,166,895326,4.132,0.381
95,127,150,1034385,3.935,0.379
11,16,23,897254,1.927,0.508
38,52,64,897255,2.956,0.357
71,95,113,897142,3.627,0.426
185,244,278,996296,4.96,0.466
39,53,65,899135,2.975,0.39
14,20,28,899137,2.124,0.53
5,8,14,902755,1.453,0.49
116,154,179,899136,4.258,0.456
107,143,168,949721,4.104,0.287
9,14,23,930174,1.754,0.397
4,8,14,936274,1.321,0.361
38,52,65,900445,2.887,0.346
4,7,13,901048,1.361,0.416
64,86,102,901047,3.49,0.325
16,23,31,901051,2.218,0.446
117,155,180,901049,4.237,0.325
226,298,341,901050,5.26,0.206
41,56,70,905136,3.009,0.177
5,8,14,959623,1.394,0.456
76,102,121,423475,3.673,0.416
17,24,34,959464,2.238,0.404
163,216,250,1038482,4.723,0.158
8,12,18,908242,1.706,0.461
20,29,37,908243,2.383,0.489
9,13,20,423476,1.792,0.583
99,132,154,908398,4.006,0.36
51,68,82,908241,3.22,0.409
9,14,20,360809,1.829,0.405
34,46,57,360791,2.842,0.439
2,4,8,360806,0.959,0.521
40,55,66,360790,3.032,0.596
137,181,210,947679,4.462,0.351
15,21,28,909506,2.138,0.514
4,7,13,910999,1.329,0.424
43,58,71,909504,3.069,0.511
104,138,160,909508,4.086,0.368
174,231,265,909507,4.833,0.315
92,123,145,911342,3.906,0.377
47,64,78,911887,3.135,0.372
7,11,18,911849,1.586,0.449
2,4,9,916281,0.924,0.498
10,15,22,911603,1.887,0.502
129,171,198,911602,4.388,0.439
40,54,66,914001,2.983,0.463
56,75,91,912232,3.319,0.181
117,156,182,911652,4.229,0.168
81,108,127,956012,3.749,0.334
29,40,51,951048,2.686,0.385
63,85,102,952616,3.458,0.371
10,15,21,952615,1.872,0.497
116,154,180,917452,4.236,0.406
42,57,70,930332,3.048,0.412
9,14,21,921512,1.833,0,528
2,3,7,1065675,0.861,0.498
124,165,193,1035275,4.305,0.137
22,31,42,922368,2.423,0.387
4,7,13,922367,1.276,0.456
8,12,19,922370,1.685,0.464
53,72,87,922369,3.267,0.378
6,9,14,1108653,1.5,0.274
13,19,28,409621,2.006,0.41
9,13,19,923007,1.773,0.44
33,45,56,923006,2.819,0.412
4,7,12,923924,1.226,0.412
11,16,23,924246,1.892,0.363
34,46,59,924383,2.792,0.349
39,53,66,409195,2.91,0.277
6,9,15,924789,1.532,0.38
73,98,118,407642,3.608,0.231
2,4,9,924788,0.951,0.405
17,24,33,931447,2.216,0.435
5,9,15,987513,1.461,0.519
44,59,73,926794,3.066,0.376
128,169,197,925360,4.358,0.334
12,18,25,927050,2.008,0.449
52,70,84,927048,3.245,0.456
118,156,181,927052,4.251,0.384
147,195,225,927051,4.561,0.299
5,8,13,927049,1.38,0.435
22,31,39,369690,2.466,0.571
16,23,31,938385,2.204,0.51
5,8,14,964617,1.406,0.458
147,194,224,936047,4.559,0.3
58,78,94,937378,3.374,0.411
5,9,15,982008,1.409,0.386
24,34,43,411750,2.543,0.4
7,11,19,940400,1.604,0.404
44,61,76,1086583,3.048,0.26
107,143,168,940913,4.107,0.186
68,92,109,1214518,3.562,0.371
77,103,121,424757,3.744,0.319
3,5,11,1086582,0.97,0.368
4,7,12,341841,1.316,0.425
111,147,171,979071,4.182,0.326
43,58,71,979070,3.074,0.448
170,225,260,1045859,4.789,0.109
81,108,127,941425,3.772,0.405
170,224,258,941423,4.79,0.256
40,54,66,941424,2.99,0.463
12,18,25,941426,1.993,0.437
9,14,20,426309,1.844,0.462
42,56,68,942191,3.057,0.337
68,91,107,942150,3.584,0.26
9,13,20,1042394,1.804,0.515
4,7,12,942137,1.32,0.49
9,13,21,969954,1.765,0.345
3,6,12,942626,1.171,0.384
3,6,10,411559,1.221,0.503
5,8,14,972611,1.427,0.363
13,19,27,946822,2.06,0.426
29,40,51,946820,2.694,0.413
71,95,113,946821,3.624,0.361
28,39,49,1039584,2.671,0.371
8,12,18,411561,1.713,0.577
22,30,40,1047549,2.44,0.405
97,129,152,947015,3.97,0.283
35,48,61,958619,2.829,0.321
3,5,10,1047547,1.145,0.506
12,18,26,951306,1.971,0.374
50,68,82,947779,3.195,0.379
63,84,100,369688,3.492,0.521
15,22,31,947781,2.138,0.329
123,163,190,947778,4.299,0.295
5,9,15,947780,1.429,0.31
243,320,365,1009933,5.385,0.246
145,192,222,948538,4.546,0.449
6,9,15,948536,1.491,0.439
43,59,71,948535,3.063,0.382
112,149,173,948537,4.179,0.458
12,18,25,948539,2.013,0.466
24,33,42,411560,2.519,0.517
49,66,81,1047656,3.202,0.38
10,15,22,1047548,1.867,0.413
47,64,79,951988,3.12,0.278
8,12,20,960426,1.676,0.318
10,15,24,953605,1.843,0.364
24,34,45,953445,2.505,0.354
14,20,28,1211618,2.106,0.451
6,9,14,957837,1.502,0.415
40,54,66,957836,2.989,0.392
6,9,15,956194,1.528,0.513
33,45,56,956193,2.812,0.375
83,110,129,956128,3.801,0.433
47,64,77,1040824,3.174,0.342
5,8,14,963157,1.457,0.546
15,21,30,967067,2.121,0.385
40,54,66,961991,2.984,0.491
94,126,147,965345,3.954,0.401
10,14,21,968206,1.833,0.446
5,9,14,968204,1.486,0.451
30,42,53,1013525,2.744,0.372
45,61,75,1040362,3.104,0.273
85,114,134,968208,3.823,0.327
41,55,67,968644,3.017,0.5
90,119,140,968643,3.908,0.444
12,18,25,971307,2.019,0.46
4,7,13,971024,1.351,0.483
25,35,44,971818,2.566,0.498
8,13,19,972284,1.761,0,593
36,50,62,1262677,2.894,0.395
55,74,89,971655,3.322,0.4
144,192,223,1019378,4.532,0.214
50,68,82,1058048,3.217,0.271
164,218,251,973399,4.733,0.397
15,22,30,976126,2.148,0.533
64,85,102,976124,3.476,0.428
5,8,14,976125,1.391,0.473
34,46,57,426629,2.861,0.386
161,214,247,975667,4.7,0.227
47,64,78,1006357,3.128,0.348
110,147,172,981646,4.14,0.245
11,16,23,1058049,1.913,0.507
5,8,14,978659,1.4,0.401
107,142,166,1058052,4.109,0.362
15,22,30,978661,2.126,0.377
4,7,12,428165,1.312,0.572
13,20,28,997008,2.013,0.338
126,168,195,983881,4.332,0.332
50,69,84,985758,3.188,0.358
8,12,18,426631,1.74,0.657
11,16,21,985749,1.949,0.488
61,82,97,985723,3.482,0.511
34,46,57,985568,2.864,0.507
136,181,210,985879,4.447,0.41
8,13,20,985878,1.694,0.401
63,84,99,426630,3.496,0.395
42,58,73,985880,3.002,0.361
14,20,27,360801,2.091,0.521
125,166,192,360805,4.336,0.354
37,50,62,360804,2.924,0.522
59,80,96,360802,3.396,0.424
6,10,16,369689,1.596,0.521
11,17,24,989905,1.964,0.42
84,111,130,989904,3.837,0.431
5,7,13,991480,1.391,0.414
30,41,52,989903,2.743,0.372
23,32,40,991853,2.518,0.585
6,9,14,991854,1.581,0.59
53,71,85,1062483,3.29,0.42
5,9,15,1016362,1.446,0.442
33,46,57,997018,2.808,0.389
108,144,167,1062484,4.164,0.341
12,18,25,997020,1.988,0.413
65,87,104,997019,3.484,0.369
4,7,12,1062482,1.296,0.456
12,18,25,1062485,2.005,0,502
66,89,107,1001518,3.511,0.355
3,6,12,1001516,1.201,0.422
42,57,70,1001517,3.027,0.313
15,21,29,1001519,2.153,0.406
136,180,209,1002341,4.444,0.343
12,17,25,1002340,1.978,0.454
12,17,24,1039586,2.004,0.402
33,45,57,1002337,2.798,0.356
76,102,121,1002339,3.683,0.389
4,7,13,1002336,1.329,0.447
37,50,61,1002598,2.919,0.318
8,12,18,1002596,1.712,0.356
92,122,143,1002597,3.935,0.329
9,14,20,343868,1.791,0.587
19,26,36,344304,2.302,0.554
77,104,122,343869,3.705,0.371
6,9,15,346620,1.516,0.571
56,76,91,344257,3.347,0.602
11,16,23,1003655,1.922,0.447
5,8,14,1005239,1.444,0.458
97,129,151,1022210,3.993,0.382
32,44,55,1025351,2.786,0.453
69,93,110,1008972,3.571,0,295
6,10,16,1026169,1.544,0.352
29,40,50,1026168,2.685,0.229
6,9,15,418243,1.53,0.573
146,193,222,1009227,4.58,0.384
5,9,14,1016398,1.488,0.481
17,25,33,1016399,2.266,0.455
59,80,95,1016400,3.418,0.406
41,56,70,1010808,2.971,0.255
44,60,73,1126757,3.086,0.385
50,67,81,427562,3.24,0.442
10,16,24,1024678,1.862,0.328
12,18,25,1126762,2.001,0.437
3,6,11,424615,1.235,0.654
5,9,14,1126754,1.5,0.505
49,66,80,1016315,3.181,0.292
127,168,195,1016316,4.346,0.306
12,17,25,1016354,1.97,0.494
85,113,133,1016317,3.819,0.451
68,92,110,1126758,3.535,0.387
100,133,154,1017258,4.033,0.398
3,6,10,1017255,1.209,0.463
50,68,81,1017254,3.215,0.363
116,154,179,1017257,4.237,0.465
141,187,217,1017266,4.502,0.371
14,19,27,1017256,2.08,0.474
17,24,32,1018854,2.233,0.451
60,80,96,1018853,3.41,0.378
5,8,14,1018852,1.434,0.414
24,34,44,428076,2.526,0.496
163,216,249,1017572,4.717,0.248
128,170,197,1017820,4.368,0.366
15,21,29,1018071,2.12,0.472
186,245,281,1017927,4.929,0.277
49,66,80,1018885,3.178,0.296
5,8,14,1018070,1.427,0.475
109,145,169,1020078,4.131,0.279
119,158,184,522938,4.246,0.421
106,141,164,1017984,4.089,0.232
52,71,85,1045724,3.253,0.378
13,19,27,1028878,2.049,0.335
4,7,12,1045723,1.365,0.482
52,71,87,517382,3.226,0.352
37,51,63,1064326,2.918,0.39
12,18,25,1063349,1.993,0.388
8,12,20,1024702,1.639,0.25
24,34,46,1024701,2.463,0.156
5,9,15,525379,1.473,0.45
99,132,155,1019021,3.99,0.153
172,228,261,1095862,4.807,0.116
128,170,196,1022525,4.408,0.375
9,13,19,1021524,1.777,0.459
137,182,212,412641,4.458,0.141
40,54,66,1021826,3.013,0.459
5,8,14,1023338,1.392,0.417
11,17,25,1021880,1.908,0.359
48,66,81,1021879,3.146,0.338
24,33,44,1021881,2.485,0.356
31,42,52,1023395,2.751,0.419
77,103,121,1023284,3.727,0.319
10,16,24,516108,1.849,0.463
11,16,22,1023396,1.912,0.512
92,122,143,1107353,3.928,0.529
39,53,65,1107351,2.951,0.434
15,21,29,1030432,2.132,0.423
156,206,237,1042788,4.649,0,342
71,96,115,512734,3.583,0.238
4,7,13,1107352,1.366,0.457
30,42,54,1027187,2.7,0.392
5,9,16,1027186,1.433,0.328
60,81,98,1027188,3.378,0.352
12,18,27,1027189,1.974,0.304
12,18,26,1027376,2.005,0.442
131,174,201,1027369,4.393,0.289
51,69,83,1027375,3.241,0.465
43,59,73,1029990,3.056,0.331
8,13,20,1087171,1.723,0.44
90,120,142,732600,3.875,0.226
117,156,181,1029795,4.227,0.33
163,216,249,1029950,4.714,0.123
11,16,23,1029991,1.921,0.555
7,11,17,413726,1.678,0.451
29,40,51,1029955,2.652,0.292
4,7,13,1030299,1.37,0.428
11,17,24,1030301,1.952,0.476
37,51,62,1030300,2.936,0.58
88,117,137,1030968,3.887,0.481
143,190,221,1033166,4.516,0.303
12,19,29,1033164,1.948,0.376
42,58,73,1033165,2.985,0.318
4,8,15,1035935,1.232,0.364
94,125,148,1040757,3.921,0.342
6,10,18,1036179,1.46,0.338
34,47,61,1036180,2.783,0.276
15,22,32,1036181,2.089,0.279
71,95,115,1035769,3.57,0.246
24,33,42,413725,2.557,0.449
126,167,195,1041619,4.329,0.294
99,131,153,1044456,4.01,0.385
50,67,82,1058771,3.203,0.281
14,21,29,1055380,2.106,0.393
3,5,10,1055379,1.04,0.487
65,87,104,1046833,3.499,0.432
38,52,64,1044813,2.928,0.403
13,18,26,1044812,2.023,0.472
132,175,203,1044811,4.419,0.389
5,8,13,1044810,1.446,0.474
58,78,96,1045200,3.329,0.291
24,35,46,1045199,2.496,0.313
3,6,13,1054554,1.165,0.399
7,12,20,1045198,1.622,0.405
66,88,104,1063556,3.528,0.441
5,9,14,342370,1.454,0.412
32,44,55,1063555,2.802,0.361
88,117,138,562784,3.859,0.321
124,165,192,342369,4.312,0.228
16,22,30,567996,2.178,0.381
64,85,102,1045743,3.474,0.343
5,9,15,1047505,1.465,0.49
55,75,89,1047504,3.328,0.377
90,120,141,1048201,3.901,0.485
172,227,261,1047286,4.805,0.334
16,22,30,1047506,2.192,0.512
14,20,28,1048153,2.117,0.425
240,316,360,1052579,5.364,0.274
5,8,13,1048297,1.427,0.397
47,63,77,1050044,3.16,0.405
112,148,172,1063557,4.2,0.273
114,152,176,1048296,4.215,0.301
14,21,29,367724,2.121,0.514
5,8,14,1057575,1.427,0.449
3,6,11,1063554,1.207,0.415
16,23,31,1054883,2.199,0.49
12,18,24,1063558,2.004,0.384
125,166,192,1056228,4.321,0.332
213,281,322,1054884,5.159,0.361
56,76,91,1067752,3.327,0.458
15,21,29,1055811,2.137,0.522
212,279,319,1055022,5.149,0.331
55,75,90,1055808,3.308,0.371
115,153,177,1055810,4.203,0.424
5,8,14,1055809,1.383,0.483
5,8,14,1062757,1.435,0.423
100,133,155,1065233,4.026,0.3
52,70,84,1056849,3.249,0.409
16,23,31,1058281,2.208,0.387
199,263,300,1055358,5.045,0.194
44,59,71,1059791,3.107,0.548
88,117,136,1059473,3.894,0.395
10,14,21,1060684,1.85,0.48
36,49,61,1066930,2.903,0.358
10,15,21,1066929,1.863,0.383
16,24,34,426447,2.152,0.345
102,136,159,1076622,4.06,0.365
50,68,82,1076623,3.223,0.344
9,13,20,1076621,1.756,0.508
156,207,239,1076624,4.655,0.359
5,9,16,426445,1.361,0.352
50,67,82,1103075,3.169,0.165
7,11,18,1111966,1.597,0.288
14,20,29,1110504,2.057,0.219
115,153,179,1081560,4.208,0.136
22,31,42,346645,2.445,0.48
53,73,89,426455,3.25,0.345
15,21,30,342382,2.124,0.482
4,7,12,342381,1.276,0.567
39,53,66,1083038,2.965,0.314
11,16,23,1083039,1.935,0.475
102,136,159,1082276,4.05,0.433
5,8,14,1082345,1.468,0.386
13,18,25,1083211,2.052,0.363
128,170,198,426446,4.351,0.244
158,210,243,1066383,4.674,0.195
3,5,10,1086313,1.107,0.482
42,57,71,1085915,3.027,0.457
158,210,243,431260,4.669,0.341
117,155,180,1085914,4.226,0.268
12,18,26,1085916,2.002,0.427
15,22,30,1089442,2.134,0.482
87,116,137,1087188,3.831,0.244
5,9,15,1087187,1.469,0.503
48,65,80,1087189,3.156,0.361
4,7,12,1088156,1.313,0.453
36,49,60,1095001,2.902,0.408
13,18,26,1088157,2.035,0.381
148,196,227,698185,4.569,0.284
114,151,175,1090281,4.227,0.336
48,65,80,457431,3.178,0.381
38,51,63,1090423,2.933,0.365
11,17,24,1090265,1.951,0.478
28,38,49,1093423,2.642,0.359
10,15,22,1093424,1.853,0.305
5,9,14,1101553,1.489,0.373
99,131,153,1114066,4.043,0.433
37,50,61,1097940,2.917,0.419
13,19,26,1097942,2.058,0.51
9,14,20,1101652,1.806,0.371
32,43,54,1100480,2.78,0.392
176,232,266,1101191,4.841,0.24
16,23,31,1102107,2.199,0.504
4,7,12,476029,1.296,0.478
20,28,37,1215232,2.391,0.378
5,8,14,1102208,1.461,0.473
69,93,110,1101192,3.578,0.384
38,52,64,389986,2.969,0.351
6,10,16,389984,1.574,0.528
3,5,10,380239,1.09,0.509
14,20,28,389985,2.103,0.439
11,17,24,420634,1.938,0.398
4,7,12,1103165,1.374,0.393
10,14,21,1073634,1.842,0.438
2,4,8,1103146,1.042,0.445
1,2,5,1103144,0.678,0.526
1,2,5,1103145,0.741,0.513
21,30,38,266663,2.442,0.503
59,79,94,266662,3.425,0.438
6,9,14,266940,1.565,0.526
9,14,20,1139999,1.824,0.435
4,7,11,1139997,1.331,0.513
33,46,57,1139998,2.819,0.316
38,52,66,1265675,2.885,0.326
227,300,344,1263478,5.27,0.136
8,12,19,293911,1.655,0.441
87,117,138,1145213,3.828,0.224
230,304,348,1217803,5.29,0.211
4,7,12,487850,1.403,0.615
12,18,25,487851,2.003,0.52
29,40,51,487849,2.683,0.557
6,10,18,1241954,1.484,0.332
72,97,115,487578,3.629,0.482
5,8,14,1180131,1.463,0.499
9,13,20,445814,1.806,0.459
53,72,86,445813,3.303,0.407
14,21,28,1152538,2.124,0.463
5,7,12,529882,1.401,0.539
28,39,49,444827,2.667,0.464
98,130,152,1152537,4.016,0.453
47,63,77,1153388,3.155,0.376
31,43,53,1156349,2.752,0.394
117,156,181,1264210,4.225,0.329
62,83,99,1156350,3.457,0.442
9,14,21,1156351,1.818,0.331
15,22,31,1271991,2.1,0.326
80,107,128,1218547,3.72,0.272
142,188,218,767289,4.508,0.221
54,73,89,1271990,3.263,0.24
52,69,83,719310,3.275,0.44
74,99,118,1170849,3.651,0.261
14,20,27,460419,2.103,0.509
6,9,16,1272429,1.462,0.355
16,23,31,1170196,2.173,0.42
29,39,49,467177,2.693,0.513
137,182,210,1168656,4.461,0.235
6,9,15,1170796,1.516,0.453
5,8,13,451886,1.426,0.498
133,176,204,474088,4.449,0.367
99,132,153,446726,4.056,0.394
4,7,12,517967,1.296,0.463
62,84,100,447396,3.469,0.407
27,37,48,447395,2.625,0.41
106,141,165,477955,4.11,0.406
153,203,235,1297386,4.622,0.362
9,14,20,450086,1.824,0.505
15,21,31,1265674,2.062,0.27
4,6,11,1170102,1.266,0.428
8,12,18,1170104,1.706,0.482
155,206,238,1263100,4.641,0.278
20,28,36,1170103,2.385,0.474
9,14,20,451984,1.801,0.597
172,228,263,1190555,4.804,0.118
90,120,141,451812,3.882,0.408
37,50,62,451820,2.907,0.524
75,101,118,453642,3.689,0.355
151,200,232,1294968,4.602,0.355
89,119,140,1219748,3.885,0.219
32,44,56,1172723,2.756,0.289
30,41,54,480626,2.656,0.436
15,22,29,372193,2.179,0.474
53,72,89,480148,3.244,0.274
6,10,17,1172719,1.578,0.446
6,9,17,458240,1.454,0.463
82,110,130,1172718,3.766,0.285
12,18,26,452411,1.946,0.367
34,46,56,1172738,2.866,0.457
7,11,17,273797,1.679,0.48
4,7,11,1172737,1.366,0.442
29,40,51,385624,2.718,0.446
78,104,121,1236035,3.771,0.316
11,17,25,1294970,1.884,0.364
12,17,22,1172739,1.996,0.493
34,47,58,272898,2.833,0.44
19,27,35,272961,2.333,0.534
7,10,15,293927,1.631,0.633
141,187,217,1175036,4.497,0.245
49,67,83,1175035,3.164,0.278
25,34,43,297645,2.559,0.493
72,96,112,294718,3.649,0.588
70,94,111,293926,3.607,0.355
12,18,26,1174926,1.932,0.345
56,76,93,1294969,3.306,0.29
240,316,361,1174927,5.365,0.213
11,16,23,1185757,1.949,0.516
82,110,129,1185756,3.802,0.425
4,7,13,1186585,1.343,0.375
100,134,158,515574,4.01,0.309
43,59,71,1185755,3.085,0.376
27,38,49,1219747,2.632,0.297
68,91,107,455479,3.586,0.383
2,4,7,1187623,1.013,0.564
8,12,17,1205447,1.722,0.593
35,48,58,454630,2.885,0.396
10,15,21,456184,1.905,0.584
28,38,49,456816,2.649,0.535
7,11,18,456817,1.677,0.562
69,92,109,470059,3.59,0.406
108,144,170,1192531,4.114,0.213
3,5,9,458063,1.145,0.552
280,368,418,1294900,5.645,0.272
46,63,76,577389,3.155,0.357
6,9,15,372391,1.527,0.491
26,36,45,577387,2.596,0.442
6,10,16,457905,1.6,0.497
11,17,24,1219749,1.953,0.322
27,37,46,460746,2.62,0.557
5,9,14,460745,1.477,0.539
16,23,31,461348,2.195,0.466
185,245,283,464291,4.923,0.228
54,73,88,513323,3.311,0.579
20,27,36,463599,2.361,0.575
115,153,177,464275,4.22,0.357
8,13,19,464215,1.753,0.58
61,82,99,528184,3.394,0.316
14,20,27,1239945,2.078,0.421
96,128,151,551163,3.955,0.164
147,194,225,520330,4.555,0,313
5,8,15,1223989,1.436,0.429
4,7,13,523290,1.236,0.484
12,17,25,522521,1.946,0.456
41,55,69,532038,2.97,0.333
47,64,77,270939,3.176,0.39
5,8,13,378109,1.392,0.509
8,12,19,465221,1.713,0.529
30,42,53,465219,2.726,0.37
76,102,121,465220,3.689,0.312
192,254,291,1242032,4.984,0.35
55,74,88,1239944,3.316,0.469
142,187,216,1225425,4.507,0.277
79,105,125,378111,3.708,0.353
11,16,22,467378,1.922,0.48
54,73,87,472953,3.326,0.427
31,43,54,378110,2.728,0.458
22,31,40,467377,2.473,0.459
7,10,16,474123,1.614,0.351
36,49,60,471970,2.908,0.395
38,51,63,481964,2.928,0.487
14,21,28,475385,2.121,0.543
55,74,89,476823,3.317,0.525
122,162,187,475287,4.292,0.407
6,9,15,484223,1.528,0.516
174,229,263,484669,4.821,0.375
35,47,59,476042,2.845,0.384
8,12,19,476044,1.727,0.575
69,93,110,476043,3.557,0.353
70,95,115,476759,3.556,0.343
34,47,60,476760,2.774,0.41
5,9,16,487344,1.429,0.424
15,22,31,476761,2.12,0.392
22,31,41,492050,2.451,0.423
8,13,20,477469,1.731,0.47
4,7,12,492059,1.355,0.511
12,18,26,500282,1.978,0.417
58,78,95,509055,3.337,0.302
32,44,56,479220,2.739,0.385
4,7,12,479481,1.304,0.529
72,96,113,479482,3.603,0.37
28,38,49,479484,2.622,0.43
111,147,172,479483,4.152,0.317
11,17,24,479485,1.922,0.527
111,148,175,480594,4.154,0.416
8,12,19,484142,1.681,0.454
4,6,12,484691,1.219,0.528
21,29,39,484219,2.408,0.372
69,92,108,494094,3.598,0.249
28,39,49,501511,2.677,0.276
10,15,21,501512,1.903,0.441
16,22,30,488036,2.203,0.479
2,4,8,488034,0.922,0.562
8,12,18,489084,1.687,0.571
101,135,158,489080,4.045,0.305
40,55,68,489083,2.989,0.37
42,57,70,321187,3.036,0.376
10,15,21,326027,1.887,0.421
26,36,46,517131,2.609,0.53
9,14,20,512628,1.798,0.466
6,10,17,643897,1.478,0.295
83,111,130,517193,3.807,0.385
127,169,198,490119,4.336,0.237
58,79,95,495898,3.35,0.391
166,219,253,1245569,4.746,0.149
104,138,161,492841,4.076,0.352
38,52,66,515573,2.891,0.349
6,9,15,496243,1.504,0.475
37,51,63,492852,2.906,0.436
15,21,29,492866,2.13,0.518
14,21,30,491536,2.036,0.299
4,7,12,494109,1.379,0.57
8,12,18,493509,1.705,0.558
40,54,67,493506,2.973,0.442
31,42,54,493507,2.73,0.336
66,89,107,493508,3.516,0.447
9,14,24,496136,1.734,0.349
89,119,141,494045,3.858,0.233
40,55,68,504821,2.952,0.336
11,16,23,495181,1.913,0.523
71,94,111,494082,3.625,0.358
15,22,30,373650,2.132,0.471
26,36,47,496139,2.608,0.43
6,9,15,373651,1.543,0.558
51,68,82,679265,3.237,0.429
3,6,11,495601,1.182,0.507
15,22,30,495602,2.166,0.478
173,229,262,494822,4.816,0.316
152,202,232,530544,4.622,0.318
5,9,14,530547,1.462,0.449
48,65,79,530543,3.177,0.415
10,15,22,530557,1.887,0.483
59,79,95,1244809,3.407,0.315
26,36,46,501302,2.588,0.436
10,15,21,501304,1.885,0.538
84,112,132,501303,3.829,0.333
5,8,13,1266535,1.416,0.444
23,32,41,502960,2.488,0.409
8,12,18,502962,1.71,0.502
34,46,57,1250662,2.825,0.301
57,76,90,298851,3.373,0.32
6,10,16,299090,1.571,0.467
52,70,84,377916,3.261,0.416
6,10,16,506022,1.553,0.365
13,19,26,1250663,2.057,0.391
23,32,42,505576,2.469,0.452
19,27,36,780068,2.324,0.382
68,91,109,505719,3.526,0.419
41,56,70,525200,3.004,0.387
12,17,25,523071,1.952,0.404
48,64,78,507625,3.171,0.458
126,167,193,507626,4.357,0.329
10,15,22,507627,1.864,0.578
131,174,200,1245089,4.392,0.213
26,36,46,510618,2.578,0.472
7,11,18,510619,1.654,0.579
5,7,12,527853,1.396,0.439
56,75,91,374464,3.31,0.375
184,242,278,517247,4.91,0.276
57,77,92,1245090,3.341,0.285
38,51,63,512242,2.93,0.467
125,166,191,511075,4.345,0.427
15,22,29,514601,2.174,0.459
63,85,101,737739,3.482,0.481
21,29,39,378374,2.397,0.342
125,166,193,511089,4.322,0.306
44,60,75,511088,3.046,0.376
11,16,24,511087,1.919,0.528
8,12,18,379187,1.697,0.429
28,39,49,580465,2.669,0.413
58,78,94,712347,3.374,0.449
3,5,10,512133,1.11,0.5
12,17,25,1245091,1.966,0.364
8,12,19,579655,1.732,0.422
8,12,19,513343,1.727,0.408
23,32,41,513342,2.489,0.501
18,26,35,516563,2.287,0.42
10,15,22,521203,1.87,0.442
45,61,75,516564,3.097,0.439
238,313,357,1254093,5.348,0.243
101,135,158,1295745,4.03,0.353
56,75,91,1251761,3.296,0.187
11,15,22,524946,1.903,0.482
78,104,122,570760,3.739,0.408
14,20,29,1249737,2.062,0.386
34,46,57,570759,2.845,0.385
16,24,32,523601,2.211,0.403
74,99,117,540749,3.652,0.335
3,6,11,545793,1.145,0.522
172,227,261,1249423,4.801,0.353
8,12,19,523603,1.701,0.348
49,67,81,523602,3.209,0.297
5,8,14,1255678,1.356,0.438
33,45,56,536166,2.801,0.51
9,14,20,524404,1.801,0.489
12,18,26,531475,1.981,0.358
5,9,16,556661,1.409,0.339
40,55,70,531442,2.956,0.257
302,398,451,532796,5.793,0.347
5,8,14,532795,1.375,0.306
12,18,26,532799,2.001,0.371
138,183,211,532798,4.467,0.398
45,61,75,532797,3.086,0.415
9,14,20,536901,1.841,0.436
39,52,64,536900,2.985,0.361
42,57,70,540059,3.03,0.537
11,17,24,540061,1.945,0.551
133,177,205,540060,4.428,0.469
33,46,56,1258774,2.829,0.406
93,124,144,1258115,3.965,0.322
32,44,56,543937,2.784,0.433
7,11,17,543938,1.604,0.563
7,11,18,545012,1.618,0.533
58,78,93,545015,3.383,0.415
3,5,10,545014,1.083,0.577
11,16,24,545013,1.899,0.457
91,121,143,545057,3.887,0.256
5,8,14,546468,1.433,0.419
16,23,32,545058,2.199,0.414
34,47,59,545056,2.833,0.346
11,16,23,1258805,1.923,0.324
1,3,7,303258,0.783,0.494
11,16,24,537916,1.937,0.472
87,116,136,549849,3.845,0.442
105,139,162,554742,4.087,0.475
8,12,18,545804,1.747,0.573
5,8,13,1265134,1.386,0.459
78,104,123,545063,3.703,0.372
41,56,69,547326,3.024,0.429
8,11,18,545395,1.687,0.532
83,111,131,545317,3.78,0.287
31,42,53,545318,2.74,0.511
88,118,138,547808,3.88,0.281
6,10,16,547809,1.573,0.487
40,54,66,545952,2.987,0.327
148,196,225,552906,4.582,0.452
114,151,175,556755,4.209,0.401
44,60,72,552142,3.09,0.455
76,102,120,550732,3.697,0.509
10,15,22,550438,1.883,0.473
3,6,11,270953,1.232,0.479
97,129,151,1260095,3.995,0.298
28,39,51,537915,2.65,0.399
7,11,18,551981,1.589,0.4
20,28,38,547883,2.348,0.386
15,21,29,1265136,2.134,0.381
82,110,130,552157,3.77,0.426
48,65,79,1265135,3.171,0.29
11,16,23,551775,1.912,0.572
31,43,54,553344,2.74,0.518
15,22,32,552747,2.11,0.395
52,71,87,552745,3.221,0.329
5,8,15,589659,1.393,0.428
145,192,223,552746,4.537,0.32
25,35,45,587017,2.571,0.496
11,16,23,587019,1.946,0.434
82,110,130,376721,3.762,0.272
8,12,19,303310,1.726,0.522
46,62,76,319283,3.123,0.329
72,97,114,317614,3.64,0.516
16,23,30,564737,2.225,0.511
126,167,192,557406,4.37,0.443
5,8,13,559863,1.49,0.553
63,85,101,560602,3.493,0.276
6,10,15,387459,1.563,0.569
10,14,20,558383,1.843,0.413
24,33,43,558382,2.537,0.435
5,9,14,558381,1.487,0.433
15,21,29,1284175,2.139,0.392
51,69,82,376806,3.261,0.491
45,61,74,559712,3.105,0.428
147,194,224,568156,4.559,0.414
10,15,22,559714,1.887,0.508
113,150,174,559713,4.186,0.391
34,47,58,1282467,2.85,0.379
4,7,12,561045,1.294,0.45
5,8,13,1284174,1.417,0.404
16,24,32,561043,2.219,0.442
47,64,78,561044,3.159,0.383
30,42,53,561405,2.737,0.44
27,37,47,709437,2.615,0.352
59,79,94,1283481,3.404,0.438
8,12,18,709436,1.716,0.401
94,125,146,561923,3.966,0.513
8,12,19,730960,1.731,0.498
42,57,69,724201,3.033,0.491
41,55,68,563731,3.025,0.528
4,6,10,1353987,1.292,0.631
4,7,12,563729,1.28,0.49
14,20,27,563730,2.1,0.522
37,51,63,564184,2.922,0.271
90,120,141,565639,3.906,0.22
7,10,16,564182,1.606,0.436
87,116,136,564610,3.863,0.408
87,116,138,811969,3.823,0.314
12,17,24,564611,1.98,0.5
31,42,53,564609,2.738,0.499
86,115,136,569795,3.811,0.24
43,59,73,565453,3.03,0.363
12,18,26,565454,1.981,0.317
37,51,64,566931,2.914,0.468
31,43,55,811967,2.693,0.279
7,10,16,566929,1.6,0.567
16,23,31,796256,2.197,0.341
9,13,21,811968,1.719,0.34
142,188,218,577429,4.505,0.289
11,16,23,578789,1.919,0.418
79,105,124,594075,3.74,0.462
25,35,45,677545,2.58,0.429
29,41,51,578591,2.707,0.439
6,10,16,677546,1.589,0.383
125,166,193,579709,4.326,0.284
107,142,165,579715,4.121,0.144
6,10,15,579711,1.55,0.482
13,18,26,579719,2.022,0.441
45,60,74,579713,3.093,0.343
28,39,50,579717,2.663,0.38
3,5,10,613083,1.178,0.431
4,7,12,581455,1.312,0.513
32,44,56,581457,2.765,0.481
11,17,24,581459,1.945,0.572
62,83,100,584589,3.45,0.444
31,43,54,585251,2.764,0.341
5,8,12,585053,1.433,0.475
12,17,24,584137,1.967,0.404
41,56,69,585313,3.007,0.453
139,184,212,583855,4.491,0.309
227,299,341,584403,5.268,0.283
53,72,86,610341,3.276,0.399
23,32,41,610383,2.477,0.491
85,113,133,685688,3.828,0.425
73,98,116,693142,3.649,0.527
9,13,20,610387,1.796,0.495
8,12,19,587403,1.753,0.569
28,39,49,587401,2.678,0.398
154,204,236,963330,4.629,0.224
49,66,80,603533,3.203,0.496
3,6,11,587399,1.237,0.471
11,17,23,587949,1.955,0.49
24,33,42,588677,2.519,0.518
4,7,12,591049,1.314,0.485
65,88,104,588679,3.535,0.337
7,10,16,379246,1.602,0.552
10,15,21,589117,1.887,0.515
44,61,77,378316,3.083,0.561
4,7,12,589115,1.333,0.538
25,35,47,378616,2.56,0.523
32,44,54,589113,2.804,0.438
8,13,19,589157,1.755,0.551
21,29,37,1353986,2.459,0.542
24,34,44,601923,2.523,0.451
17,24,32,592403,2.245,0.346
5,9,15,595387,1.474,0.436
67,90,107,590615,3.538,0.417
149,197,227,590515,4.579,0.329
118,157,181,590575,4.259,0.532
43,58,70,590573,3.055,0.447
10,15,22,590577,1.858,0.531
6,9,13,1353988,1.564,0.711
73,98,116,378746,3.647,0.587
103,137,160,667736,4.064,0.372
36,49,61,671362,2.897,0.429
10,15,23,664870,1.885,0.451
17,24,33,601871,2.239,0.512
10,15,22,601873,1.902,0.52
4,6,11,601869,1.246,0.562
55,74,89,613533,3.319,0.395
11,17,24,630749,1.95,0.459
112,149,174,602235,4.175,0.321
21,30,41,378642,2.42,0.443
12,17,24,603393,1.987,0.508
248,327,373,649616,5.429,0.296
55,73,88,603389,3.308,0.409
142,188,217,603737,4.513,0.398
6,9,14,282317,1.538,0.414
10,14,20,606501,1.865,0.508
76,102,120,638907,3.708,0.302
3,5,10,606497,1.113,0.525
32,43,54,606499,2.786,0.514
35,48,60,641173,2.846,0.387
84,112,133,669836,3.786,0.379
11,17,25,619143,1.915,0.475
5,8,14,641171,1.365,0.474
96,128,150,972610,3.953,0.348
134,178,207,619693,4.417,0.171
63,85,102,892786,3.427,0.319
44,60,74,957868,3.038,0.264
15,22,32,944741,2.114,0.356
101,134,158,1074591,4.021,0.159
34,46,56,282336,2.844,0.376
7,10,16,640821,1.596,0.412
26,37,47,706257,2.603,0.358
9,14,21,956248,1.726,0.317
10,15,21,622187,1.89,0.389
3,6,10,620931,1.256,0.598
32,44,54,625399,2.785,0.503
57,76,90,631305,3.368,0.416
15,21,28,727203,2.184,0.595
8,12,17,727202,1.778,0.548
9,14,20,282316,1.836,0.478
8,12,18,745263,1.729,0.36
33,45,56,745264,2.811,0.39
57,76,91,745024,3.371,0.357
6,9,15,748746,1.523,0.262
12,18,26,748745,1.993,0.293
27,37,47,748755,2.623,0.175
51,68,82,637747,3.245,0.445
5,8,13,637749,1.415,0.499
18,25,33,637751,2.283,0.414
14,20,28,671990,2.054,0.301
53,71,87,671989,3.236,0.155
92,123,144,381061,3.923,0.467
4,6,10,283763,1.327,0.559
24,33,43,721245,2.498,0.328
4,7,12,383040,1.252,0.627
71,95,113,632043,3.584,0.299
6,10,17,721246,1.571,0.488
11,17,25,636841,1.894,0.429
5,9,15,639249,1.449,0.369
6,10,16,796259,1.581,0.344
39,54,67,632755,2.955,0.481
8,12,18,650643,1.731,0.577
26,35,45,641425,2.584,0.464
53,71,85,381060,3.27,0.424
3,6,11,641423,1.232,0.517
55,74,88,641427,3.333,0.512
27,37,47,644701,2.63,0.434
81,108,128,641637,3.788,0.384
2,3,7,645315,0.834,0.424
6,10,16,674492,1.54,0.459
13,19,28,662676,1.979,0.282
27,38,50,669652,2.586,0.343
188,249,287,884790,4.948,0.141
18,25,36,669651,2.212,0.3
55,74,91,661929,3.27,0.22
4,7,14,661898,1.284,0.379
87,117,137,643797,3.848,0.273
101,135,159,984693,4.019,0.235
3,6,10,643793,1.212,0.498
10,15,22,643799,1.881,0.521
35,48,59,643795,2.858,0.348
39,53,65,645431,2.963,0.479
112,149,173,651992,4.195,0.484
9,14,22,645284,1.802,0.475
46,62,76,646828,3.125,0.432
14,21,29,646644,2.113,0,484
108,144,168,646643,4.13,0.325
5,8,14,645430,1.388,0.48
177,234,269,646319,4.85,0.136
17,24,34,647322,2.176,0.34
57,77,94,677982,3.318,0.283
6,10,18,653106,1.516,0.302
11,16,24,657251,1.919,0.357
9,14,22,965435,1.77,0.297
3,6,11,656194,1.179,0.483
88,118,138,646398,3.857,0.289
33,46,57,706788,2.818,0.409
49,66,80,647141,3.174,0.288
10,15,22,646606,1.828,0.424
70,94,112,646605,3.571,0.488
45,61,76,962337,3.061,0.348
32,45,57,646604,2.764,0.405
8,12,17,654374,1.729,0.521
20,28,35,649842,2.392,0.463
48,65,77,654373,3.196,0.444
82,110,131,649841,3.792,0.405
76,102,123,652299,3.657,0.294
13,19,29,651221,1.979,0.322
29,41,54,651705,2.626,0.417
175,232,268,885133,4.831,0.075
4,6,11,796253,1.247,0.325
11,16,22,654325,1.937,0.423
31,43,53,654324,2.784,0.383
8,12,18,381701,1.706,0.435
84,111,130,857305,3.841,0.438
3,6,11,654326,1.205,0.392
44,60,72,864984,3.124,0.453
54,73,87,394372,3.317,0.474
70,94,112,723135,3.585,0.316
24,34,45,692006,2.519,0.426
14,21,29,692009,2.109,0.377
3,6,11,723137,1.126,0.465
27,37,48,656891,2.625,0.407
10,14,21,656890,1.859,0.445
21,30,40,382079,2.425,0.48
97,129,151,677505,3.989,0.359
9,13,20,658402,1.769,0.47
68,92,109,658401,3.559,0.329
29,40,52,658400,2.69,0.442
10,15,22,659210,1.887,0.538
3,5,9,381700,1.114,0.456
50,68,82,659148,3.223,0.43
142,188,217,659110,4.513,0.368
88,117,136,308417,3.887,0.4
9,13,20,360303,1.804,0.57
33,45,55,308416,2.821,0.537
88,117,137,659495,3.849,0.432
9,13,20,659612,1.783,0.551
32,44,56,659652,2.755,0.488
94,126,147,913135,3.953,0.333
15,22,31,659684,2.16,0.361
129,170,198,659683,4.375,0.302
53,72,87,659681,3.285,0.327
4,7,13,671311,1.3,0.446
36,49,61,914257,2.883,0.298
23,31,41,661219,2.475,0.365
3,5,10,743540,1.127,0.434
7,12,18,661019,1.677,0.486
56,76,91,662080,3.353,0.391
99,132,153,662524,4.073,0.427
156,206,237,1128957,4.657,0.425
11,16,23,662526,1.961,0.468
42,57,69,662525,3.067,0.419
78,105,125,663565,3.694,0.342
34,47,60,664215,2.794,0.37
12,17,26,663564,1.95,0.45
10,15,22,924333,1.873,0.49
33,45,57,719514,2.782,0.411
162,214,248,665659,4.706,0.36
11,16,24,667786,1.916,0.461
144,191,220,672779,4.529,0.26
62,84,101,667785,3.441,0.404
150,199,230,725224,4.591,0.486
8,13,20,666200,1.725,0.411
3,6,12,870354,1.132,0.458
60,81,98,847322,3.405,0.441
30,42,53,666600,2.711,0.416
7,11,18,667140,1.649,0.434
82,109,128,667141,3.788,0.439
5,9,15,381597,1.428,0.487
22,31,42,667142,2.448,0.32
11,16,24,670488,1.917,0.557
40,55,68,668729,2.98,0.391
109,146,171,669557,4.133,0.322
19,28,37,395124,2.341,0.513
72,97,115,668727,3.599,0.334
55,74,90,668854,3.318,0.418
7,11,17,668855,1.628,0.501
16,24,32,668857,2.212,0.474
182,240,276,711786,4.893,0.342
40,55,68,395125,2.988,0.516
145,192,221,668856,4.542,0.359
80,108,129,669920,3.728,0.163
141,187,215,674176,4.519,0.377
48,64,78,674175,3.168,0.518
9,13,19,674177,1.771,0.548
135,179,208,674460,4.431,0.248
20,28,37,683687,2.354,0.441
7,11,16,675447,1.636,0.471
7,11,17,408475,1.611,0.559
93,124,147,678396,3.905,0.274
43,58,71,680719,3.046,0.496
103,137,160,678460,4.056,0.394
12,18,25,685904,1.988,0.441
81,108,127,683222,3.778,0.358
8,13,20,680390,1.751,0.487
34,46,58,680389,2.84,0.565
3,6,11,682115,1.192,0.459
21,30,40,572835,2.416,0.405
38,51,63,309582,2.933,0.492
103,138,162,309584,4.071,0.429
59,79,94,314892,3.395,0.537
7,10,16,309583,1.615,0.624
12,17,25,927964,1.979,0.51
212,280,320,689769,5.15,0.219
49,66,81,927962,3.201,0.327
208,274,313,688307,5.114,0.26
36,49,61,714182,2.888,0.424
94,125,147,702990,3.946,0.29
11,16,23,691738,1.896,0.411
236,311,356,763657,5.336,0.174
9,14,22,573749,1.817,0.37
26,36,46,683857,2.58,0.475
6,9,15,683856,1.507,0.446
175,230,263,798208,4.843,0.436
72,97,115,684452,3.626,0.384
15,22,30,737601,2.162,0.457
86,114,134,683397,3.832,0.323
4,7,12,894354,1.352,0.412
35,48,60,892179,2.859,0.427
4,7,12,927961,1.316,0.46
31,42,53,683578,2.754,0.407
49,65,79,804130,3.201,0.524
8,12,18,683576,1.711,0.512
99,132,155,927963,4.027,0.34
8,13,19,686216,1.756,0.453
31,43,53,686215,2.756,0.332
65,88,104,686708,3.527,0.316
53,72,88,564542,3.261,0.305
114,152,179,433150,4.193,0.27
16,22,31,999716,2.183,0.409
152,200,231,999714,4.62,0.303
84,111,131,690293,3.813,0.398
41,55,68,718199,3.009,0.4
4,7,12,999715,1.316,0.531
34,47,58,311120,2.85,0.542
9,13,20,311121,1.803,0.531
3,5,10,311119,1.095,0.554
147,195,226,725897,4.56,0.161
171,226,261,1192532,4.789,0.216
11,17,24,375581,1.951,0.534
10,15,22,691267,1.894,0.465
31,43,53,691273,2.77,0.424
6,11,18,691392,1.521,0.403
21,30,41,691391,2.376,0.403
40,54,66,709257,2.993,0.506
9,14,21,723052,1.822,0.507
178,235,270,735806,4.857,0.369
84,113,133,703209,3.809,0.357
232,307,353,692640,5.299,0.107
104,139,163,693320,4.064,0.226
4,7,12,710980,1.256,0.469
37,50,62,694150,2.91,0.53
131,174,201,694152,4.403,0.37
10,15,22,694153,1.869,0.481
85,113,132,694151,3.823,0.391
27,37,48,694245,2.621,0.417
58,78,93,711736,3.382,0.315
4,7,13,694244,1.378,0.488
8,12,19,694246,1.713,0.604
14,20,27,694477,2.087,0.425
31,43,54,694476,2.767,0.426
74,98,116,703513,3.665,0.351
5,9,14,694475,1.476,0.429
88,117,138,694589,3.869,0.345
12,17,24,694590,1.969,0.42
35,48,60,694588,2.857,0.413
130,172,201,695556,4.37,0.157
16,23,31,695667,2.173,0.351
43,58,70,382539,3.041,0.416
47,63,77,961773,3.127,0.476
115,153,179,899909,4.202,0.267
93,124,146,899045,3.92,0.399
5,9,15,902062,1.441,0.495
31,43,55,695666,2.73,0.352
62,83,98,388297,3.471,0.322
3,5,9,384379,1.124,0.484
8,13,19,317000,1.764,0.614
9,14,20,389981,1.833,0.438
71,95,112,709479,3.624,0.338
45,61,74,699264,3.142,0.414
22,31,40,702961,2.472,0.482
11,17,24,699263,1.953,0.446
5,7,13,699262,1.39,0.445
3,6,10,1065250,1.27,0.46
33,45,57,700974,2.792,0.435
9,14,21,700976,1.783,0.482
67,90,107,700975,3.542,0.354
10,15,21,1064495,1.912,0.369
19,27,36,384380,2.357,0.458
15,22,31,706188,2.077,0.387
6,10,17,706187,1.491,0.339
100,133,158,704075,4.003,0.298
35,48,62,702841,2.804,0.33
134,178,206,705695,4.428,0.253
44,59,72,703723,3.087,0.464
12,17,25,729013,1.983,0.445
94,125,146,703146,3.957,0.43
38,51,64,746949,2.912,0.27
113,151,176,713130,4.184,0.111
93,124,145,746951,3.923,0.222
11,16,24,746952,1.908,0.348
261,345,393,713131,5.519,0.111
305,402,458,713128,5.809,0.105
4,7,13,746950,1.356,0.357
5,7,13,395284,1.388,0.441
111,148,173,967643,4.153,0.129
41,56,70,968805,3,0.283
10,15,22,703897,1.828,0.377
43,59,74,703896,3.043,0.343
117,155,181,375580,4.229,0.344
7,11,18,315293,1.671,0.56
19,27,36,315291,2.349,0.535
70,94,111,315292,3.599,0.363
22,30,38,391999,2.447,0.386
38,51,62,392001,2.937,0.33
108,144,170,708015,4.114,0.232
45,61,76,992414,3.087,0.364
30,42,54,736928,2.683,0.351
200,265,304,747621,5.052,0.154
60,80,97,736929,3.376,0.23
9,13,21,992443,1.749,0.35
137,182,212,736931,4.456,0.206
5,9,15,736927,1.463,0.401
16,23,31,736930,2.157,0.372
92,123,145,708663,3.902,0.234
26,36,47,992444,2.562,0.31
2,4,7,286735,0.957,0.594
10,14,20,802002,1.881,0.557
3,5,8,802000,1.107,0.526
24,33,42,802001,2.538,0.441
14,21,29,1383720,2.128,0.298
10,14,21,712086,1.853,0.332
30,41,52,712085,2.735,0.405
150,199,230,1001677,4.593,0.148
16,22,30,319111,2.179,0.576
22,31,39,286838,2.467,0.497
2,4,8,318072,0.996,0.563
67,89,106,321418,3.537,0.459
10,15,21,318070,1.874,0.627
54,73,87,318068,3.318,0.496
79,105,124,318069,3.724,0.42
43,58,70,285249,3.068,0.43
9,13,18,286738,1.794,0.502
70,95,113,992415,3.583,0.179
24,33,42,713956,2.505,0.536
94,126,147,742429,3.95,0.479
175,231,265,741601,4.835,0.308
6,9,15,713953,1.491,0.429
14,20,27,713957,2.105,0.532
59,79,95,713954,3.382,0.393
22,30,39,716207,2.47,0.41
13,18,25,716208,2.065,0.464
28,39,48,716937,2.699,0.452
6,9,14,715419,1.553,0.398
5,8,13,720094,1.403,0.441
11,16,23,726056,1.954,0.447
37,51,62,726055,2.946,0.433
49,66,80,717102,3.184,0.341
102,135,158,726520,4.049,0.364
9,14,20,718036,1.809,0.599
22,31,40,974435,2.465,0.345
7,11,18,974436,1.674,0.477
85,114,135,718401,3.846,0.333
3,6,10,974434,1.194,0.455
7,11,18,427175,1.611,0.377
2,3,7,1387597,0.894,0.53
6,9,15,718572,1.492,0.437
16,23,32,718534,2.21,0.378
32,44,56,718503,2.781,0.422
12,17,25,718843,1.954,0.369
90,119,140,718842,3.897,0.335
32,44,55,719602,2.785,0.507
4,7,13,718841,1.365,0.409
5,8,14,756710,1.394,0.459
37,51,62,756694,2.923,0.441
137,182,210,718998,4.481,0.366
76,101,119,754175,3.7,0.48
13,19,26,756711,2.045,0.523
45,61,74,719963,3.133,0.425
9,13,19,719965,1.763,0.537
131,173,199,719964,4.432,0.263
7,11,17,318077,1.624,0.541
32,44,55,318076,2.779,0.519
54,73,89,318075,3.298,0.387
28,39,48,318074,2.679,0.402
45,61,74,720562,3.11,0.423
14,20,27,720558,2.081,0.536
99,132,154,720560,4.013,0.314
77,103,121,720556,3.707,0.431
149,197,228,720557,4.575,0.221
29,40,51,449738,2.669,0.381
5,8,13,720553,1.459,0.593
6,9,15,720573,1.496,0.397
7,11,18,720576,1.671,0.55
37,51,62,720574,2.924,0.41
80,107,126,720575,3.767,0.421
10,15,22,722087,1.857,0.481
99,131,153,721998,4.025,0.401
40,54,66,721999,3.001,0.48
17,24,33,723149,2.227,0.502
138,182,211,723148,4.461,0.351
68,91,108,723147,3.556,0.443
4,7,13,723304,1.36,0.499
35,48,60,1383719,2.876,0.277
5,8,14,725342,1.449,0.475
91,121,142,724148,3.903,0.497
16,23,32,724150,2.195,0.47
137,182,210,724151,4.46,0.356
260,342,390,724149,5.509,0.283
54,72,88,724147,3.285,0.378
10,14,21,397397,1.862,0.525
78,105,125,754399,3.689,0.132
18,25,34,397394,2.305,0.463
30,42,53,726079,2.717,0.432
5,9,15,726205,1.466,0.442
13,19,27,726169,2.03,0.467
53,72,86,397396,3.295,0.445
24,34,46,728289,2.478,0.297
11,17,25,728291,1.906,0.364
57,77,94,728290,3.32,0.361
69,92,109,322867,3.595,0.424
46,62,75,319390,3.146,0.379
10,14,21,323001,1.841,0.553
3,6,11,320800,1.219,0.531
3,6,12,382544,1.146,0.545
85,114,135,746614,3.794,0.18
40,55,69,778353,2.954,0.317
17,25,34,779139,2.233,0.353
97,129,153,730528,3.966,0.205
6,9,16,779419,1.479,0.443
16,23,33,739104,2.144,0.267
4,8,15,747183,1.285,0.357
242,319,364,1038662,5.381,0.11
5,9,15,732405,1.482,0.492
49,66,79,732382,3.201,0.363
14,21,29,732475,2.125,0.399
10,15,21,768222,1.87,0.404
50,67,81,734320,3.227,0.399
24,34,44,734373,2.543,0.409
70,93,111,739982,3.556,0.385
5,9,15,744490,1.453,0.418
2,4,7,986693,0.921,0.537
32,44,55,740038,2.743,0.392
13,20,28,843604,2.038,0.403
148,196,225,735817,4.585,0.302
16,22,30,735818,2.188,0.524
5,9,15,759377,1.451,0.457
57,77,92,742482,3.367,0.32
112,148,172,748488,4.209,0.406
11,16,23,748486,1.953,0,32
42,56,69,748487,3.047,0.457
10,14,21,986883,1.869,0.289
20,27,36,320007,2.35,0.569
7,11,18,320006,1.652,0.546
4,7,13,392717,1.333,0.54
47,64,77,746822,3.166,0,459
6,10,16,746827,1.57,0.521
16,22,30,747141,2.191,0.475
109,145,169,998445,4.166,0.294
32,44,55,738640,2.797,0.412
28,39,49,737816,2.658,0.488
12,17,24,737815,1.977,0.445
43,59,72,738661,3.073,0.457
52,70,85,392718,3.24,0.412
14,20,28,998444,2.113,0.436
8,13,19,739936,1.743,0.394
32,43,54,744779,2.779,0.302
86,115,135,739841,3.858,0.476
26,36,45,739854,2.59,0.508
8,12,18,739855,1.694,0.535
4,7,13,761310,1.294,0.479
33,45,57,743341,2.792,0.378
12,18,25,749179,1.999,0.501
4,7,12,1383718,1.337,0.517
11,16,23,392719,1.897,0.573
5,8,14,998442,1.47,0.456
82,109,129,751916,3.763,0.368
9,14,20,743775,1.855,0.47
3,5,9,743774,1.109,0.507
47,64,77,998443,3.164,0.459
42,57,70,320154,3.036,0.437
4,7,13,320155,1.322,0.614
107,142,165,323459,4.123,0.487
9,14,20,746129,1.828,0.527
28,39,48,750516,2.668,0.307
15,21,29,392972,2.145,0.362
33,46,57,751219,2.803,0.411
49,66,80,800539,3.185,0.439
102,135,158,746130,4.043,0.259
25,35,45,755764,2.57,0.366
37,50,63,750959,2.916,0.345
87,116,136,750774,3.873,0.369
7,11,17,750960,1.646,0.525
53,71,86,752508,3.288,0.491
43,58,71,752458,3.055,0.417
102,136,158,751780,4.074,0.432
5,8,13,751932,1.428,0.486
15,21,29,752419,2.127,0.425
5,8,12,752776,1.44,0.539
139,184,213,752775,4.477,0.17
10,14,21,752778,1.848,0.522
6,9,14,392973,1.507,0.47
47,63,77,752777,3.144,0.368
18,26,34,754033,2.32,0.433
9,13,20,754034,1.809,0.456
4,7,12,754040,1.388,0.479
5,7,12,753644,1.399,0.556
48,64,77,753218,3.187,0.454
101,135,156,753220,4.079,0.521
16,22,30,753219,2.192,0.525
37,51,63,753768,2.895,0.319
156,207,238,753769,4.661,0.339
9,13,20,753859,1.767,0.37
63,84,99,756698,3.485,0.583
31,43,53,755935,2.77,0.527
10,15,21,755234,1.869,0.497
4,7,12,756980,1.297,0.553
32,44,56,758535,2.758,0.362
15,21,29,1002504,2.129,0.372
7,11,18,756700,1.629,0.37
22,31,40,756699,2.441,0.347
172,227,262,1104774,4.801,0.117
10,15,23,758532,1.865,0.39
41,56,70,758531,2.994,0.411
112,148,172,758198,4.169,0.438
77,103,121,393291,3.732,0.51
26,36,46,758598,2.597,0.328
12,17,25,758599,2,0.37
4,7,12,758597,1.346,0.429
6,10,16,916729,1.523,0.406
150,199,230,766727,4.588,0.303
70,94,112,902771,3.559,0.38
35,48,61,903457,2.832,0.394
13,19,27,916730,1.991,0.456
190,251,288,782953,4.961,0.242
27,37,46,394019,2.634,0.463
9,14,20,1207644,1.822,0.417
109,146,171,905576,4.131,0.348
252,332,379,767046,5.452,0.279
10,15,21,393292,1.892,0.473
11,16,23,767308,1.927,0.434
97,128,150,767309,3.983,0.308
49,66,80,767310,3.198,0.334
151,200,231,767311,4.605,0.255
4,6,12,1002540,1.264,0.403
99,132,155,767640,4.02,0.42
74,99,117,1002503,3.63,0.299
407,535,606,1001780,6.39,0.146
44,59,73,769268,3.078,0.634
12,18,26,769867,2.001,0.356
112,149,174,1002502,4.171,0.27
39,53,65,769866,2.953,0.467
124,165,191,769868,4.322,0.346
16,23,32,770128,2.204,0.399
6,9,15,770125,1.496,0.4
394,518,587,770129,6.324,0.219
539,707,799,770127,7.012,0.139
143,190,219,770126,4.524,0.252
67,90,107,770124,3.521,0.3
306,403,458,789784,5.817,0.239
15,22,30,771808,2.168,0.438
22,31,40,1207643,2.472,0.467
5,8,14,771861,1.451,0.467
138,182,210,770372,4.471,0.332
55,73,88,774807,3.313,0.413
3,6,11,470302,1.19,0.524
15,22,30,321664,2.136,0.414
94,125,146,770840,3.946,0.446
12,17,24,770842,1.963,0.443
39,53,65,770841,2.964,0.5
10,14,21,393810,1.867,0.553
56,75,89,771271,3.356,0.421
80,107,126,771272,3.774,0.461
11,16,23,771273,1.943,0.511
32,43,54,393809,2.778,0.43
59,79,94,772148,3.396,0.409
3,6,11,772340,1.137,0.495
12,18,26,772318,1.993,0.41
24,34,44,784535,2.529,0.372
5,8,14,393807,1.475,0.467
42,57,70,772682,3.053,0.438
11,16,23,785403,1.959,0.515
101,135,157,772683,4.035,0.322
168,223,257,772685,4.769,0.374
18,26,35,393808,2.301,0.45
92,123,144,774224,3.914,0.384
10,14,21,777121,1.851,0.554
210,278,318,774837,5.136,0.304
39,53,66,777052,2.966,0.457
10,14,20,779724,1.864,0.505
64,86,103,778541,3.508,0.415
26,36,45,778633,2.594,0.473
9,14,20,778876,1.82,0.363
39,53,65,778875,2.979,0.365
15,21,28,1128953,2.146,0.383
36,49,61,780899,2.887,0.434
11,16,23,780733,1.915,0.432
104,138,161,780992,4.096,0.381
5,8,13,785674,1.474,0.506
156,206,236,784054,4.659,0.515
46,62,75,785226,3.127,0.446
97,129,150,785227,3.989,0.4
14,20,28,785209,2.102,0.532
139,184,212,784842,4.479,0.364
13,18,26,784841,2.026,0.494
51,68,82,785378,3.231,0.412
103,137,160,784840,4.074,0.278
4,7,12,793234,1.284,0.514
5,8,14,1128018,1.464,0.38
18,25,35,785408,2.276,0.314
4,6,12,785407,1.249,0.42
5,9,16,805282,1.432,0.408
14,20,28,799922,2.042,0.445
231,305,348,785580,5.299,0.212
45,61,76,791833,3.056,0.306
134,178,206,790529,4.419,0.224
38,51,63,1127378,2.947,0.434
83,111,130,790664,3.837,0.497
43,58,70,787929,3.077,0.414
12,17,23,787930,1.987,0.535
182,240,275,830047,4.895,0.46
66,88,105,411579,3.513,0.566
6,10,17,830046,1.566,0.404
23,33,44,830044,2.474,0.384
73,99,118,830045,3.617,0.302
4,7,12,789826,1.27,0.487
14,20,28,789828,2.098,0.435
43,59,71,789825,3.07,0.455
85,113,133,789905,3.824,0.295
152,200,231,789827,4.614,0.283
89,119,142,790181,3.847,0.29
30,42,53,405405,2.714,0.379
12,17,25,1014342,1.965,0.438
30,42,53,396838,2.709,0.497
4,6,12,1014447,1.253,0.372
84,112,132,415860,3.789,0.418
33,45,57,418471,2.797,0.53
53,72,87,1013168,3.262,0.283
20,28,37,1016490,2.351,0.427
32,44,54,321978,2.8,0.419
8,12,19,352168,1.737,0.52
3,5,10,332782,1.082,0.526
26,36,47,792788,2.589,0.371
7,11,18,792789,1.641,0.348
4,7,12,792787,1.283,0.439
6,9,15,793122,1.506,0.347
77,103,121,1207642,3.713,0.332
127,169,196,1163515,4.344,0.149
17,25,34,793121,2.259,0.294
56,75,90,813108,3.349,0.498
80,107,126,793308,3.763,0.498
11,16,23,794138,1.928,0.425
4,7,13,403537,1.296,0.561
27,37,46,796761,2.62,0.467
10,15,23,400099,1.885,0.562
35,48,59,793652,2.884,0.333
9,14,20,793389,1.833,0.38
55,74,89,793385,3.344,0.404
66,88,104,814598,3.53,0.444
30,41,52,797205,2.713,0.573
13,19,26,802229,2.033,0.471
5,8,14,801751,1.417,0.472
12,17,24,399975,1.978,0.577
41,56,68,400120,3.012,0.503
6,9,16,1016101,1.46,0.402
90,121,143,1016103,3.871,0.193
83,112,133,795971,3.774,0.204
16,24,33,1016104,2.18,0.413
240,316,362,797527,5.36,0.066
45,61,76,1016102,3.059,0.277
15,22,30,363105,2.171,0.43
138,183,211,364220,4.469,0.288
121,160,186,414908,4.279,0.358
72,96,114,798270,3.634,0.3
4,7,12,813120,1.376,0.265
10,15,22,802909,1.88,0.34
36,48,60,809751,2.893,0.398
166,220,252,798950,4.751,0.337
38,52,63,804178,2.933,0.487
7,11,17,798952,1.625,0.452
134,178,205,798949,4.424,0.48
107,143,166,798976,4.126,0.282
17,23,32,798951,2.224,0.498
19,27,36,803857,2.343,0.474
6,10,16,803859,1.585,0.456
54,72,87,803858,3.309,0.356
14,20,29,802125,2.095,0.432
91,121,142,801583,3.932,0.403
31,43,55,802124,2.76,0.422
5,8,15,802123,1.398,0.342
13,19,27,801649,2.063,0.451
5,8,13,802129,1.404,0.41
33,45,57,801047,2.798,0.439
9,14,20,802365,1.834,0.407
60,80,95,835098,3.444,0.455
19,27,35,802296,2.349,0.45
7,11,19,805150,1.57,0.391
25,36,47,802867,2.519,0.355
71,96,115,802866,3.576,0.361
12,18,25,803578,1.988,0.522
127,168,195,988474,4.343,0.267
183,242,278,803703,4.909,0.357
31,43,55,289300,2.756,0.412
6,9,15,1080725,1.494,0.417
46,62,76,803702,3.11,0.392
4,7,12,820912,1.286,0.474
8,13,20,304425,1.737,0.491
46,63,77,809543,3.136,0.293
103,138,161,804001,4.056,0.303
10,14,22,805972,1.818,0.447
85,114,134,818950,3.806,0.355
34,47,59,813436,2.833,0.438
143,189,220,805976,4.516,0.345
9,14,21,813431,1.795,0.456
39,52,64,323954,2.978,0.46
177,234,268,285623,4.863,0.208
8,13,19,323955,1.765,0.574
104,139,163,807081,4.058,0.237
45,61,76,808922,3.071,0.347
17,25,34,822561,2.235,0.31
5,9,15,822560,1.475,0.386
48,65,79,807584,3.173,0.354
23,32,42,807583,2.473,0.387
6,10,16,807585,1.567,0.401
3,6,10,400121,1.227,0.549
111,147,171,813392,4.172,0.289
229,301,344,1087088,5.28,0.352
39,53,66,807837,2.958,0.446
12,17,24,918985,1.958,0.482
83,110,130,807836,3.785,0.271
110,146,170,1023089,4.138,0.276
5,9,16,860715,1.451,0.417
3,5,11,860716,0.974,0.393
6,9,15,400117,1.551,0.565
14,20,27,1023090,2.082,0.446
46,62,75,404544,3.145,0.397
9,14,21,814665,1.825,0.418
75,101,120,813434,3.681,0.506
27,37,47,814070,2.604,0.473
20,27,36,405007,2.359,0.347
340,448,508,1023071,6.025,0.29
11,16,23,816515,1.953,0.428
53,72,86,1023088,3.279,0.37
56,75,90,819180,3.362,0.363
38,52,64,815523,2.968,0.393
383,504,571,1021312,6.266,0.217
4,7,13,1024191,1.308,0.361
2,3,7,342602,0.87,0.517
11,16,23,338760,1.921,0.565
7,11,17,342173,1.672,0.478
32,44,55,338733,2.773,0.436
20,28,37,400063,2.383,0.486
43,58,71,822080,3.071,0.335
5,8,14,822081,1.426,0.306
11,17,24,822082,1.939,0.379
61,82,98,823729,3.443,0.397
9,14,21,822568,1.832,0.438
24,34,43,823358,2.535,0.391
3,6,10,968400,1.191,0.462
46,62,76,1037223,3.121,0.411
336,442,500,823842,5.999,0.088
4,7,12,1035142,1.332,0.434
13,19,27,1035811,2.059,0.453
156,207,238,829747,4.654,0.389
9,14,21,824274,1.826,0.467
38,52,64,824273,2.942,0.492
106,141,164,823920,4.119,0.463
13,19,27,847655,2.062,0.459
4,7,13,825656,1.34,0.462
80,106,125,825237,3.756,0.573
126,167,193,825238,4.341,0.416
38,52,64,829161,2.942,0.402
176,233,269,1028171,4.844,0.284
95,127,148,1035810,3.956,0.393
88,118,139,829151,3.865,0.332
11,16,23,832100,1.91,0.436
47,63,77,829150,3.142,0.355
45,61,74,829741,3.118,0.393
83,111,130,829742,3.802,0.332
11,17,23,829740,1.962,0.389
84,113,134,400353,3.783,0.243
8,13,19,851319,1.755,0.449
35,47,59,851318,2.863,0.414
97,129,151,1167077,3.992,0.433
157,208,240,832915,4.658,0.367
59,79,95,854005,3.367,0.427
5,9,15,863114,1.436,0.363
14,20,29,863379,2.074,0.454
31,43,54,932236,2.731,0.219
103,136,159,862778,4.047,0.242
5,8,13,1030926,1.432,0.502
9,14,21,872751,1.8,0.319
205,270,309,834266,5.089,0.193
33,45,57,834371,2.785,0.425
110,147,171,862667,4.146,0.325
146,193,223,834370,4.547,0.4
14,20,29,834372,2.083,0.426
43,59,72,860097,3.035,0.397
5,8,14,837833,1.43,0.44
74,99,117,1030928,3.657,0.32
35,48,59,1167078,2.87,0.492
15,22,31,836173,2.112,0.268
10,15,23,856052,1.811,0.275
31,44,56,836174,2.728,0.301
25,34,44,927507,2.553,0.461
109,144,168,836662,4.147,0.479
70,94,111,901488,3.594,0.456
160,211,243,1030909,4.699,0.207
44,59,72,836721,3.073,0.375
14,20,27,1167079,2.094,0.524
10,15,22,836251,1.872,0.471
129,171,198,840232,4.396,0.581
49,66,80,836763,3.191,0.374
131,174,200,836764,4.401,0.316
4,7,12,838074,1.291,0.457
11,17,24,836774,1.954,0.498
10,15,22,408911,1.887,0.491
6,10,16,839940,1.553,0.515
16,23,31,839155,2.226,0.53
24,34,44,408198,2.532,0.498
44,60,73,839152,3.079,0.438
90,121,142,839153,3.891,0.372
128,170,197,841922,4.361,0.395
12,17,25,841924,1.955,0.509
41,56,69,841923,2.995,0.367
9,14,21,845200,1.813,0.371
26,36,46,845162,2.573,0.405
48,65,80,843707,3.172,0.455
69,94,113,844656,3.548,0.287
275,362,411,847379,5.611,0.29
17,25,34,888990,2.222,0.371
248,327,373,893899,5.424,0.29
6,9,16,849276,1.463,0.346
145,192,223,865372,4.538,0.311
14,20,28,863173,2.111,0.429
34,46,58,864824,2.819,0.308
51,69,83,856266,3.236,0.475
83,111,130,862591,3.797,0.4
4,7,12,862590,1.315,0.479
7,11,19,625675,1.579,0.511
4,8,14,628107,1.308,0.444
51,68,82,866194,3.277,0.52
19,26,33,866195,2.339,0.468
6,9,13,866196,1.563,0.494
34,46,58,331961,2.825,0.429
2,4,8,362419,0.895,0.553
9,14,20,331962,1.814,0.554
82,109,128,948432,3.772,0.241
36,49,61,884655,2.878,0.391
10,14,22,943922,1.827,0.49
120,160,186,866798,4.274,0.37
126,167,194,1208071,4.33,0.309
113,151,178,437946,4.181,0.141
10,15,22,867414,1.866,0.394
39,53,65,867399,2.962,0.394
4,6,11,867415,1.263,0.475
66,89,107,691494,3.487,0.298
4,7,12,869920,1.359,0.435
29,41,53,625673,2.658,0.37
13,19,26,869923,2.043,0.433
31,43,54,869921,2.765,0.494
53,72,87,869922,3.272,0.345
436,572,646,992512,6.537,0.143
5,8,13,1039587,1.422,0.534
186,246,282,871129,4.93,0.241
2,4,8,1063125,0.83,0.336
32,44,56,884692,2.757,0.31
108,144,168,884693,4.117,0.327
11,16,24,916207,1.909,0.402
13,19,28,1035001,2.012,0.433
4,7,12,1214565,1.276,0.462
36,50,63,1061484,2.835,0.377
5,8,15,1035000,1.348,0.393
90,121,144,888023,3.875,0.207
41,57,71,888022,2.977,0.318
13,19,27,890799,2.058,0.44
35,47,59,890797,2.853,0.415
5,8,14,890821,1.459,0.425
82,109,128,890798,3.786,0.359
155,205,236,895083,4.651,0.382
20,27,36,895669,2.37,0.418
51,69,83,896544,3.243,0.371
7,11,16,895668,1.644,0.486
108,143,166,895326,4.132,0.381
95,127,150,1034385,3.935,0.379
11,16,23,897254,1.927,0.508
38,52,64,897255,2.956,0.357
71,95,113,897142,3.627,0.426
185,244,278,996296,4.96,0.466
39,53,65,899135,2.975,0.39
14,20,28,899137,2.124,0.53
5,8,14,902755,1.453,0.49
116,154,179,899136,4.258,0.456
107,143,168,949721,4.104,0.287
9,14,23,930174,1.754,0.397
4,8,14,936274,1.321,0.361
38,52,65,900445,2.887,0.346
4,7,13,901048,1.361,0.416
64,86,102,901047,3.49,0.325
16,23,31,901051,2.218,0.446
117,155,180,901049,4.237,0.325
226,298,341,901050,5.26,0.207
41,56,70,905136,3.009,0.177
5,8,14,959623,1.394,0.456
76,102,121,423475,3.673,0.416
17,24,34,959464,2.238,0.404
163,216,250,1038482,4.723,0.158
8,12,18,908242,1.706,0.461
20,29,37,908243,2.383,0.489
9,13,20,423476,1.792,0.583
99,132,154,908398,4.006,0.36
51,68,82,908241,3.22,0.409
9,14,20,360809,1.829,0.405
34,46,57,360791,2.842,0.439
2,4,8,360806,0.959,0.521
40,55,66,360790,3.032,0.596
137,181,210,947679,4.462,0.351
15,21,28,909506,2.138,0.514
4,7,13,910999,1.329,0.424
43,58,71,909504,3.069,0.511
104,138,160,909508,4.086,0.368
174,231,265,909507,4.833,0.315
92,123,145,911342,3.906,0.377
47,64,78,911887,3.135,0.372
7,11,18,911849,1.586,0.449
2,4,9,916281,0.924,0.498
10,15,22,911603,1.887,0.502
129,171,198,911602,4.388,0.439
40,54,66,914001,2.983,0.463
56,75,91,912232,3.319,0.181
117,156,182,911652,4.229,0.168
81,108,127,956012,3.749,0.334
29,40,51,951048,2.686,0.385
63,85,102,952616,3.458,0.371
10,15,21,952615,1.872,0.497
116,154,180,917452,4.236,0.406
42,57,70,930332,3.048,0.412
9,14,21,921512,1.833,0.528
2,3,7,1065675,0.861,0.498
124,165,193,1035275,4.305,0.137
22,31,42,922368,2.423,0.387
4,7,13,922367,1.276,0.456
8,12,19,922370,1.685,0.464
53,72,87,922369,3.267,0.378
6,9,14,1108653,1.5,0.274
13,19,28,409621,2.006,0.41
9,13,19,923007,1.773,0.44
33,45,56,923006,2.819,0.412
4,7,12,923924,1.226,0.412
11,16,23,924246,1.892,0.363
34,46,59,924383,2.792,0.349
39,53,66,409195,2.91,0.277
6,9,15,924789,1.532,0.38
73,98,118,407642,3.608,0.231
2,4,9,924788,0.951,0.405
17,24,33,931447,2.216,0.435
5,9,15,987513,1.461,0.519
44,59,73,926794,3.066,0.376
128,169,197,925360,4.358,0.334
12,18,25,927050,2.008,0.449
52,70,84,927048,3.245,0.456
118,156,181,927052,4.251,0.384
147,195,225,927051,4.561,0.299
5,8,13,927049,1.38,0.435
22,31,39,369690,2.466,0.571
16,23,31,938385,2.204,0.51
5,8,14,964617,1.406,0.458
147,194,224,936047,4.559,0.299
58,78,94,937378,3.374,0.411
5,9,15,982008,1.409,0.386
24,34,43,411750,2.543,0.4
7,11,19,940400,1.604,0.404
44,61,76,1086583,3.048,0.26
107,143,168,940913,4.107,0.186
68,92,109,1214518,3.562,0.371
77,103,121,424757,3.744,0.319
3,5,11,1086582,0.97,0.368
4,7,12,341841,1.316,0.425
111,147,171,979071,4.182,0.326
43,58,71,979070,3.074,0.448
170,225,260,1045859,4.789,0.109
81,108,127,941425,3.772,0.405
170,224,258,941423,4.79,0.256
40,54,66,941424,2.99,0.463
12,18,25,941426,1.993,0.437
9,14,20,426309,1.844,0.462
42,56,68,942191,3.057,0.337
68,91,107,942150,3.584,0.26
9,13,20,1042394,1.804,0.515
4,7,12,942137,1.32,0.49
9,13,21,969954,1.765,0.345
3,6,12,942626,1.171,0.384
3,6,10,411559,1.221,0.503
5,8,14,972611,1.427,0.363
13,19,27,946822,2.06,0.426
29,40,51,946820,2.694,0.413
71,95,113,946821,3.624,0.361
28,39,49,1039584,2.671,0,371
8,12,18,411561,1.713,0.577
22,30,40,1047549,2.44,0.404
97,129,152,947015,3.97,0.283
35,48,61,958619,2.829,0.321
3,5,10,1047547,1.145,0.506
12,18,26,951306,1.971,0.374
50,68,82,947779,3.195,0.379
63,84,100,369688,3.492,0.521
15,22,31,947781,2.138,0.329
123,163,190,947778,4.299,0.295
5,9,15,947780,1.429,0.31
243,320,365,1009933,5.385,0.246
145,192,222,948538,4.546,0.449
6,9,15,948536,1.491,0.439
43,59,71,948535,3.063,0.382
112,149,173,948537,4.179,0.458
12,18,25,948539,2.013,0.466
24,33,42,411560,2.519,0.517
49,66,81,1047656,3.202,0.38
10,15,22,1047548,1.867,0.413
47,64,79,951988,3.12,0.278
8,12,20,960426,1.676,0.318
10,15,24,953605,1.843,0.364
24,34,45,953445,2.505,0.354
14,20,28,1211618,2.106,0.451
6,9,14,957837,1.502,0.415
40,54,66,957836,2.989,0.392
6,9,15,956194,1.528,0.513
33,45,56,956193,2.812,0.375
83,110,129,956128,3.801,0.433
47,64,77,1040824,3.174,0.342
5,8,14,963157,1.457,0.546
15,21,30,967067,2.121,0.385
40,54,66,961991,2.984,0.491
94,126,147,965345,3.954,0.401
10,14,21,968206,1.833,0.446
5,9,14,968204,1.486,0.451
30,42,53,1013525,2.744,0.372
45,61,75,1040362,3.104,0.273
85,114,134,968208,3.823,0.327
41,55,67,968644,3.017,0.5
90,119,140,968643,3.908,0.444
12,18,25,971307,2.019,0.46
4,7,13,971024,1.351,0.483
25,35,44,971818,2.566,0.498
8,13,19,972284,1.761,0.593
36,50,62,1262677,2.894,0.395
55,74,89,971655,3.322,0.4
144,192,223,1019378,4.532,0.214
50,68,82,1058048,3.217,0.271
164,218,251,973399,4.733,0.397
15,22,30,976126,2.148,0.533
64,85,102,976124,3.476,0.428
5,8,14,976125,1.391,0.473
34,46,57,426629,2.861,0.386
161,214,247,975667,4.7,0.227
47,64,78,1006357,3.128,0.349
110,147,172,981646,4.14,0.245
11,16,23,1058049,1.913,0.507
5,8,14,978659,1.4,0.401
107,142,166,1058052,4.109,0.362
15,22,30,978661,2.126,0.377
4,7,12,428165,1.312,0.572
13,20,28,997008,2.013,0.338
126,168,195,983881,4.332,0.332
50,69,84,985758,3.188,0.358
8,12,18,426631,1.74,0.657
11,16,21,985749,1.949,0.488
61,82,97,985723,3.482,0.511
34,46,57,985568,2.864,0.507
136,181,210,985879,4.447,0.41
8,13,20,985878,1.694,0.401
63,84,99,426630,3.496,0.395
42,58,73,985880,3.002,0.361
14,20,27,360801,2.091,0.521
125,166,192,360805,4.336,0.354
37,50,62,360804,2.924,0.522
59,80,96,360802,3.396,0.424
6,10,16,369689,1.596,0.521
11,17,24,989905,1.964,0.42
84,111,130,989904,3.837,0.431
5,7,13,991480,1.391,0.414
30,41,52,989903,2.743,0.372
23,32,40,991853,2.518,0.585
6,9,14,991854,1.581,0.59
53,71,85,1062483,3.29,0.42
5,9,15,1016362,1.446,0.442
33,46,57,997018,2.808,0.389
108,144,167,1062484,4.164,0.341
12,18,25,997020,1.988,0.413
65,87,104,997019,3.484,0.369
4,7,12,1062482,1.296,0.456
12,18,25,1062485,2.005,0.502
66,89,107,1001518,3.511,0.355
3,6,12,1001516,1.201,0.422
42,57,70,1001517,3.027,0.313
15,21,29,1001519,2.153,0.406
136,180,209,1002341,4.444,0.343
12,17,25,1002340,1.978,0.454
12,17,24,1039586,2.004,0,403
33,45,57,1002337,2.798,0.356
76,102,121,1002339,3.683,0.389
4,7,13,1002336,1.329,0.447
37,50,61,1002598,2.919,0.318
8,12,18,1002596,1.712,0.356
92,122,143,1002597,3.935,0.329
9,14,20,343868,1.791,0.587
19,26,36,344304,2.302,0.554
77,104,122,343869,3.705,0.371
6,9,15,346620,1.516,0.571
56,76,91,344257,3.347,0.602
11,16,23,1003655,1.922,0.447
5,8,14,1005239,1.444,0.458
97,129,151,1022210,3.993,0.382
32,44,55,1025351,2.786,0.453
69,93,110,1008972,3.571,0.295
6,10,16,1026169,1.544,0.352
29,40,50,1026168,2.685,0.229
6,9,15,418243,1.53,0.573
146,193,222,1009227,4.58,0.384
5,9,14,1016398,1.488,0.481
17,25,33,1016399,2.266,0.455
59,80,95,1016400,3.418,0.406
41,56,70,1010808,2.971,0.255
44,60,73,1126757,3.086,0.385
50,67,81,427562,3.24,0.442
10,16,24,1024678,1.862,0.328
12,18,25,1126762,2.001,0.437
3,6,11,424615,1.235,0.654
5,9,14,1126754,1.5,0.505
49,66,80,1016315,3.181,0.292
127,168,195,1016316,4.346,0.306
12,17,25,1016354,1.97,0.494
85,113,133,1016317,3.819,0.451
68,92,110,1126758,3.535,0.387
100,133,154,1017258,4.033,0.398
3,6,10,1017255,1.209,0.463
50,68,81,1017254,3.215,0.363
116,154,179,1017257,4.237,0.465
141,187,217,1017266,4.502,0.371
14,19,27,1017256,2.08,0.474
17,24,32,1018854,2.233,0.451
60,80,96,1018853,3.41,0.378
5,8,14,1018852,1.434,0.414
24,34,44,428076,2.526,0.496
163,216,249,1017572,4.717,0.248
128,170,197,1017820,4.368,0.366
15,21,29,1018071,2.12,0.473
186,245,281,1017927,4.929,0.278
49,66,80,1018885,3.178,0.296
5,8,14,1018070,1.427,0.475
109,145,169,1020078,4.131,0.279
119,158,184,522938,4.246,0.421
106,141,164,1017984,4.089,0.232
52,71,85,1045724,3.253,0.378
13,19,27,1028878,2.049,0.335
4,7,12,1045723,1.365,0.482
52,71,87,517382,3.226,0.352
37,51,63,1064326,2.918,0.39
12,18,25,1063349,1.993,0.388
8,12,20,1024702,1.639,0.25
24,34,46,1024701,2.463,0.156
5,9,15,525379,1.473,0.45
99,132,155,1019021,3.99,0.153
172,228,261,1095862,4.807,0.116
128,170,196,1022525,4.408,0.375
9,13,19,1021524,1.777,0.459
137,182,212,412641,4.458,0.141
40,54,66,1021826,3.013,0.459
5,8,14,1023338,1.392,0.417
11,17,25,1021880,1.908,0.359
48,66,81,1021879,3.146,0.338
24,33,44,1021881,2.485,0.356
31,42,52,1023395,2.751,0.419
77,103,121,1023284,3.727,0.319
10,16,24,516108,1.849,0.463
11,16,22,1023396,1.912,0.512
92,122,143,1107353,3.928,0.529
39,53,65,1107351,2.951,0.434
15,21,29,1030432,2.132,0.423
156,206,237,1042788,4.649,0.341
71,96,115,512734,3.583,0.238
4,7,13,1107352,1.366,0.457
30,42,54,1027187,2.7,0.392
5,9,16,1027186,1.433,0.328
60,81,98,1027188,3.378,0.352
12,18,27,1027189,1.974,0.304
12,18,26,1027376,2.005,0.442
131,174,201,1027369,4.393,0.289
51,69,83,1027375,3.241,0.465
43,59,73,1029990,3.056,0.331
8,13,20,1087171,1.723,0.44
90,120,142,732600,3.875,0.226
117,156,181,1029795,4.227,0.33
163,216,249,1029950,4.714,0.123
11,16,23,1029991,1.921,0.555
7,11,17,413726,1.678,0.451
29,40,51,1029955,2.652,0.292
4,7,13,1030299,1.37,0.428
11,17,24,1030301,1.952,0.476
37,51,62,1030300,2.936,0.58
88,117,137,1030968,3.887,0.481
143,190,221,1033166,4.516,0.303
12,19,29,1033164,1.948,0.376
42,58,73,1033165,2.985,0.318
4,8,15,1035935,1.232,0.364
94,125,148,1040757,3.921,0.342
6,10,18,1036179,1.46,0.338
34,47,61,1036180,2.783,0.276
15,22,32,1036181,2.089,0.279
71,95,115,1035769,3.57,0.246
24,33,42,413725,2.557,0.449
126,167,195,1041619,4.329,0.294
99,131,153,1044456,4.01,0.385
50,67,82,1058771,3.203,0.281
14,21,29,1055380,2.106,0.393
3,5,10,1055379,1.04,0.487
65,87,104,1046833,3.499,0.432
38,52,64,1044813,2.928,0.403
13,18,26,1044812,2.023,0.472
132,175,203,1044811,4.419,0.389
5,8,13,1044810,1.446,0.474
58,78,96,1045200,3.329,0.291
24,35,46,1045199,2.496,0.313
3,6,13,1054554,1.165,0.399
7,12,20,1045198,1.622,0.405
66,88,104,1063556,3.528,0.441
5,9,14,342370,1.454,0.412
32,44,55,1063555,2.802,0.361
88,117,138,562784,3.859,0.321
124,165,192,342369,4.312,0.228
16,22,30,567996,2.178,0.381
64,85,102,1045743,3.474,0.343
5,9,15,1047505,1.465,0.49
55,75,89,1047504,3.328,0.377
90,120,141,1048201,3.901,0.485
172,227,261,1047286,4.805,0.334
16,22,30,1047506,2.192,0.512
14,20,28,1048153,2.117,0.425
240,316,360,1052579,5.364,0.274
5,8,13,1048297,1.427,0.397
47,63,77,1050044,3.16,0.405
112,148,172,1063557,4.2,0.273
114,152,176,1048296,4.215,0.301
14,21,29,367724,2.121,0.514
5,8,14,1057575,1.427,0.448
3,6,11,1063554,1.207,0.415
16,23,31,1054883,2.199,0.49
12,18,24,1063558,2.004,0.384
125,166,192,1056228,4.321,0.332
213,281,322,1054884,5.159,0.361
56,76,91,1067752,3.327,0.458
15,21,29,1055811,2.137,0.522
212,279,319,1055022,5.149,0.331
55,75,90,1055808,3.308,0.371
115,153,177,1055810,4.203,0.424
5,8,14,1055809,1.383,0.483
5,8,14,1062757,1.435,0.423
100,133,155,1065233,4.026,0.3
52,70,84,1056849,3.249,0.409
16,23,31,1058281,2.208,0.387
199,263,300,1055358,5.045,0.194
44,59,71,1059791,3.107,0.548
88,117,136,1059473,3.894,0.395
10,14,21,1060684,1.85,0.48
36,49,61,1066930,2.903,0.358
10,15,21,1066929,1.863,0.383
16,24,34,426447,2.152,0.345
102,136,159,1076622,4.06,0.365
50,68,82,1076623,3.223,0.344
9,13,20,1076621,1.756,0.508
156,207,239,1076624,4.655,0.359
5,9,16,426445,1.361,0.352
50,67,82,1103075,3.169,0.165
7,11,18,1111966,1.597,0.288
14,20,29,1110504,2.057,0.219
115,153,179,1081560,4.208,0.136
22,31,42,346645,2.445,0.48
53,73,89,426455,3.25,0.345
15,21,30,342382,2.124,0.482
4,7,12,342381,1.276,0.567
39,53,66,1083038,2.965,0.314
11,16,23,1083039,1.935,0.475
102,136,159,1082276,4.05,0.433
5,8,14,1082345,1.468,0.386
13,18,25,1083211,2.052,0.363
128,170,198,426446,4.351,0.244
158,210,243,1066383,4.674,0.195
3,5,10,1086313,1.107,0.482
42,57,71,1085915,3.027,0.457
158,210,243,431260,4.669,0.341
117,155,180,1085914,4.226,0.268
12,18,26,1085916,2.002,0.427
15,22,30,1089442,2.134,0.482
87,116,137,1087188,3.831,0.245
5,9,15,1087187,1.469,0.503
48,65,80,1087189,3.156,0.361
4,7,12,1088156,1.313,0.453
36,49,60,1095001,2.902,0.408
13,18,26,1088157,2.035,0.381
148,196,227,698185,4.569,0.284
114,151,175,1090281,4.227,0.336
48,65,80,457431,3.178,0.381
38,51,63,1090423,2.933,0.365
11,17,24,1090265,1.951,0.478
28,38,49,1093423,2.642,0.359
10,15,22,1093424,1.853,0.305
5,9,14,1101553,1.489,0.373
99,131,153,1114066,4.043,0.433
37,50,61,1097940,2.917,0.419
13,19,26,1097942,2.058,0.51
9,14,20,1101652,1.806,0.371
32,43,54,1100480,2.78,0.392
176,232,266,1101191,4.841,0.24
16,23,31,1102107,2.199,0.504
4,7,12,476029,1.296,0.478
20,28,37,1215232,2.391,0.378
5,8,14,1102208,1.461,0.473
69,93,110,1101192,3.578,0.384
38,52,64,389986,2.969,0.351
6,10,16,389984,1.574,0.528
3,5,10,380239,1.09,0.509
14,20,28,389985,2.103,0.439
11,17,24,420634,1.938,0.398
4,7,12,1103165,1.374,0.393
10,14,21,1073634,1.842,0.438
2,4,8,1103146,1.042,0.444
1,2,5,1103144,0.678,0.526
1,2,5,1103145,0.741,0.513